site,lon,lat,aaod,aae,aod,ae
Palma_de_Mallorca,2.63,39.55,0.0036,1.1081,0.1043,1.0694
Hada_El-Sham,39.73,21.80,0.0075,1.5952,0.3579,0.6746
Sevastopol,33.52,44.62,0.0082,0.9630,0.1584,1.4308
Ben_Salem,9.91,35.55,0.0065,1.4502,0.1417,0.8853
Dushanbe,68.86,38.55,0.0156,1.3125,0.2320,0.8318
LISCO,-73.34,40.95,0.0029,1.0729,0.1058,1.5725
Pretoria_CSIR-DPSS,28.28,-25.76,0.0134,1.0695,0.1568,1.4874
Solar_Village,46.40,24.91,0.0237,1.8891,0.3945,0.4931
NEON_CVALLA,-105.17,40.16,0.0055,1.0143,0.0680,1.3528
Dakar,-16.96,14.39,0.0227,2.3224,0.4450,0.3400
Santa_Monica_Colg,-118.47,34.02,0.0047,0.5954,0.0968,0.8860
St_Louis_University,-90.23,38.64,0.0065,1.1214,0.1234,1.3628
White_Sands_HELSTF,-106.34,32.63,0.0034,0.8449,0.0534,1.1949
Barcelona,2.11,41.39,0.0091,0.9972,0.1453,1.3258
Billerica,-71.27,42.53,0.0081,0.9437,0.1207,1.5316
Tunis_Carthage,10.20,36.84,0.0077,1.2423,0.1581,0.8894
Capo_Verde,-22.94,16.73,0.0153,1.7654,0.3841,0.2662
Yonsei_University,126.93,37.56,0.0179,1.3631,0.4180,1.3285
Canberra,149.11,-35.27,0.0025,1.0135,0.0490,1.1637
Zaragoza,-0.88,41.63,0.0110,1.0930,0.0985,1.1311
SEARCH-OLF,-87.38,30.55,0.0024,0.9251,0.1167,1.3778
NEON_OAES,-99.06,35.41,0.0051,0.8579,0.0870,1.2675
Pokhara,83.98,28.19,0.0373,1.1318,0.4492,1.3112
Rome_Tor_Vergata,12.65,41.84,0.0129,1.2243,0.1553,1.2969
Cabo_da_Roca,-9.50,38.78,0.0133,0.8809,0.1307,0.9419
Badajoz,-7.01,38.88,0.0087,1.7081,0.0977,1.1381
Granada,-3.60,37.16,0.0154,1.3304,0.1316,1.0962
Wallops,-75.47,37.93,0.0067,0.9466,0.2106,1.5624
Sao_Martinho_SONDA,-53.82,-29.44,0.0067,0.8590,0.0779,1.0775
Thessaloniki,22.96,40.63,0.0134,1.2905,0.2008,1.5722
Key_Biscayne2,-80.16,25.73,0.0039,0.9479,0.1092,0.9011
Frioul,5.29,43.27,0.0048,1.0016,0.0884,1.2559
BSRN_BAO_Boulder,-105.01,40.05,0.0055,0.8822,0.0734,1.3199
CEILAP-Comodoro,-67.46,-45.79,0.0024,0.8641,0.0284,0.8792
Dalanzadgad,104.42,43.58,0.0104,1.0851,0.0979,1.0169
ATHENS-NOA,23.72,37.97,0.0137,1.1875,0.1723,1.3783
Osaka,135.59,34.65,0.0098,1.0447,0.2396,1.3296
Tamanrasset_INM,5.53,22.79,0.0143,1.8573,0.2487,0.3805
Goldstone,-116.79,35.23,0.0060,0.6439,0.0474,0.9711
UMBC,-76.71,39.25,0.0122,0.8892,0.1512,1.5247
El_Farafra,27.99,27.06,0.0092,1.3467,0.1905,0.7788
XiangHe,116.96,39.75,0.0373,1.3956,0.6972,1.1512
IER_Cinzana,-5.93,13.28,0.0247,2.2285,0.4361,0.3294
UPRM_Lidar_Lab,-67.14,18.21,0.0081,0.9240,0.1282,0.4754
Cairo_EMA_2,31.29,30.08,0.0294,1.3027,0.3569,0.9855
El_Arenosillo,-6.73,37.10,0.0091,0.8611,0.1268,1.0984
Beijing-CAMS,116.32,39.93,0.0308,1.1717,0.5827,1.1320
Appalachian_State,-81.69,36.21,0.0051,0.8735,0.1280,1.4542
La_Parguera,-67.05,17.97,0.0041,1.0551,0.1306,0.5324
Medenine-IRA,10.64,33.50,0.0081,1.2929,0.1634,0.7319
Mauna_Loa,-155.58,19.54,0.0004,1.2041,0.0143,1.1654
Bari_University,16.88,41.11,0.0158,1.1286,0.1597,1.3598
Carpentras,5.06,44.08,0.0094,0.9417,0.1127,1.4094
MD_Science_Center,-76.61,39.28,0.0066,1.1228,0.1289,1.6268
Railroad_Valley,-115.69,38.50,0.0139,0.9121,0.0548,1.0989
Oujda,-1.90,34.65,0.0112,1.1995,0.1211,0.8234
IASBS,48.51,36.71,0.0093,1.6515,0.1974,0.8807
Table_Mountain,-105.24,40.12,0.0069,0.9453,0.0626,1.3265
Murcia,-1.17,38.00,0.0100,1.3807,0.1198,1.2040
Autilla,-4.60,42.00,0.0085,0.9541,0.0820,1.2278
WaveCIS_Site_CSI_6,-90.48,28.87,0.0041,0.8672,0.1165,1.2520
CASLEO,-69.30,-31.80,0.0024,0.8584,0.0254,0.9951
Malaga,-4.48,36.72,0.0105,1.3308,0.1258,1.0206
Valladolid,-4.71,41.66,0.0063,1.1860,0.0774,1.2515
Santa_Cruz_Tenerife,-16.25,28.47,0.0054,1.3509,0.1537,0.6049
Burjassot,-0.42,39.51,0.0095,1.1300,0.1299,1.1938
OHP_OBSERVATOIRE,5.71,43.94,0.0086,0.8624,0.0844,1.3908
Camaguey,-77.85,21.42,0.0109,1.2597,0.1308,0.8520
Trinidad_Head,-124.15,41.05,0.0092,0.8425,0.0702,0.8909
Ersa,9.36,43.00,0.0044,0.9457,0.1177,1.3028
Dhadnah,56.32,25.51,0.0242,1.6757,0.3586,0.7385
Halifax,-63.59,44.64,0.0064,0.9201,0.0842,1.3779
Karachi,67.14,24.95,0.0299,1.5063,0.4348,0.6910
FORTH_CRETE,25.28,35.33,0.0092,1.1512,0.1718,1.2044
Kirtland_AFB,-106.51,34.95,0.0125,0.8758,0.0555,1.1228
GSFC,-76.84,38.99,0.0067,0.9735,0.1349,1.6081
Nes_Ziona,34.79,31.92,0.0089,1.3304,0.2091,0.9952
Petrolina_SONDA,-40.32,-9.07,0.0100,0.7751,0.0846,0.8799
USGS_Flagstaff_ROLO,-111.63,35.21,0.0038,0.8229,0.0383,1.1623
Toulon,6.01,43.14,0.0092,0.9936,0.1287,1.4380
Ispra,8.63,45.80,0.0080,1.1516,0.1741,1.5446
Blida,2.88,36.51,0.0116,1.3283,0.1767,0.9535
Venise,12.51,45.31,0.0078,1.0611,0.1810,1.4772
Lahore,74.26,31.48,0.0496,1.4682,0.6429,0.9286
Messina,15.57,38.20,0.0078,1.0488,0.1611,1.2225
CEILAP-BA,-58.51,-34.56,0.0075,1.1325,0.0792,1.1126
Lake_Lefroy,121.70,-31.25,0.0027,0.8410,0.0512,0.8514
Lampedusa,12.63,35.52,0.0069,1.3216,0.1565,0.8806
Caceres,-6.34,39.48,0.0112,1.1658,0.0929,1.2391
USC_SEAPRISM,-118.12,33.56,0.0041,0.8176,0.0994,0.8906
Fukuoka,130.47,33.52,0.0149,0.9936,0.2775,1.2398
Fresno,-119.77,36.78,0.0107,1.1544,0.1672,1.2989
Evora,-7.91,38.57,0.0094,0.9175,0.1009,1.1495
Gual_Pahari,77.15,28.43,0.0548,1.0936,0.5616,0.9000
Beijing_RADI,116.38,40.00,0.0472,1.1867,0.6032,1.1068
Beijing,116.38,39.98,0.0431,1.2496,0.6918,1.1018
SACOL,104.14,35.95,0.0261,1.5942,0.3512,0.8706
XuZhou-CUMT,117.14,34.22,0.0332,1.4165,0.7634,1.2086
Ouarzazate,-6.91,30.93,0.0100,1.0404,0.1398,0.4579
Kanpur,80.23,26.51,0.0371,1.3524,0.5872,0.9781
Sandia_NM_PSEL,-106.54,35.05,0.0033,0.8586,0.0418,1.1338
Tinga_Tingana,139.99,-28.98,0.0046,1.2378,0.0417,0.7359
Lake_Argyle,128.75,-16.11,0.0090,1.1280,0.0935,1.1389
Trelew,-65.31,-43.25,0.0048,0.7591,0.0363,0.7711
Huelva,-6.57,37.02,0.0055,1.0136,0.1107,1.0374
IMS-METU-ERDEMLI,34.26,36.56,0.0160,1.0377,0.2170,1.2329
Cart_Site,-97.49,36.61,0.0055,0.9052,0.1087,1.2735
Masdar_Institute,54.62,24.44,0.0175,2.2461,0.3691,0.7404
Issyk-Kul,76.98,42.62,0.0035,1.0494,0.1148,1.2186
Madrid,-3.72,40.45,0.0078,1.3022,0.0864,1.2919
Lecce_University,18.11,40.34,0.0110,1.1167,0.1550,1.3269
Thompson_Farm,-70.95,43.11,0.0075,0.8225,0.0824,1.4562
Saada,-8.16,31.63,0.0121,1.4573,0.2058,0.7363
Cordoba-CETT,-64.46,-31.52,0.0040,1.2656,0.0760,1.1704
Univ_of_Houston,-95.34,29.72,0.0051,0.9459,0.1310,1.2547
SEDE_BOKER,34.78,30.86,0.0138,1.2266,0.1767,0.9019
TABLE_MOUNTAIN_CA,-117.68,34.38,0.0040,0.8206,0.0434,1.0609
Tabernas_PSA-DLR,-2.36,37.09,0.0071,1.2472,0.1087,1.0928
Palencia,-4.52,41.99,0.0036,1.0658,0.1066,1.2722
Agoufou,-1.48,15.35,0.0224,2.3708,0.4605,0.2895
REUNION_ST_DENIS,55.48,-20.90,0.0029,0.7365,0.0495,0.6725
ETNA,15.02,37.61,0.0034,1.1786,0.1273,1.1856
Anmyon,126.33,36.54,0.0107,1.0963,0.3645,1.2138
Egbert,-79.78,44.23,0.0056,1.0200,0.1074,1.5391
Sevilleta,-106.89,34.35,0.0045,0.9098,0.0593,1.2615
Banizoumbou,2.67,13.55,0.0234,2.2768,0.4819,0.3325
U_of_Wisconsin_SSEC,-89.41,43.07,0.0049,1.0368,0.1016,1.4206
Mexico_City,-99.18,19.33,0.0155,1.1786,0.2104,1.5562
Arica,-70.31,-18.47,0.0067,0.7210,0.2069,0.9656
DMN_Maine_Soroa,12.02,13.22,0.0383,1.9515,0.4657,0.3398
KAUST_Campus,39.10,22.30,0.0145,2.0083,0.3785,0.6078
Gobabeb,15.04,-23.56,0.0105,1.1423,0.1119,0.9731
Shirahama,135.36,33.69,0.0148,1.0591,0.2496,1.2584
CEILAP-Neuquen,-68.14,-38.95,0.0067,0.8882,0.0470,0.8695
Monterey,-121.85,36.59,0.0088,0.7947,0.1287,0.8845
Izana,-16.50,28.31,0.0013,1.1283,0.0584,0.9511
CalTech,-118.13,34.14,0.0029,0.9255,0.0959,1.1116
SEARCH-Centreville,-87.25,32.90,0.0082,0.9693,0.1245,1.5219
Univ_of_Nevada-Reno,-119.81,39.54,0.0058,0.9250,0.0590,1.3188
