  1000.0000       5.0000      10.0000
  1000.0000      15.0000      20.0000
  1000.0000      25.0000      30.0000
  1000.0000      35.0000      40.0000
  1000.0000      45.0000      50.0000
  1000.0000      55.0000      60.0000
  1000.0000      65.0000      70.0000
  1000.0000      75.0000      80.0000
  1000.0000      85.0000      90.0000
  1000.0000      95.0000     100.0000
  1000.0000     105.0000     110.0000
  1000.0000     115.0000     120.0000
  1000.0000     125.0000     130.0000
  1000.0000     135.0000     140.0000
  1000.0000     145.0000     150.0000
  1000.0000     155.0000     160.0000
  1019.6808     165.0984     170.1968
  1056.4484     175.4790     180.7613
  1105.9951     186.2913     191.8212
  1167.8070     197.6603     203.4993
  1242.4133     209.7114     215.9234
  1330.9678     222.5783     229.2331
  1435.1410     236.4088     243.5845
  1557.1259     251.3702     259.1558
  1699.6796     267.6542     276.1526
  1866.2124     285.4836     294.8147
  2060.9023     305.1192     315.4237
  2288.8521     326.8680     338.3122
  2556.2471     351.0934     363.8747
  2870.5750     378.2276     392.5804
  3240.8372     408.7846     424.9888
  3677.7725     443.3777     461.7665
  4194.0308     482.7367     503.7068
  4804.2236     527.7280     551.7491
  5524.7544     579.3729     606.9966
  6373.1919     638.8626     670.7286
  7366.9448     707.5633     744.3980
  8520.8926     787.0024     829.6069
  9843.6582     878.8252     928.0435
 11332.4658     984.7058    1041.3682
 12967.1992    1106.2041    1171.0402
 14705.3438    1244.5669    1318.0936
 16480.7090    1400.4972    1482.9008
 18209.1348    1573.9464    1664.9921
 19802.2344    1764.0032    1863.0144
 21185.9570    1968.9442    2074.8740
 22316.5098    2186.4565    2298.0391
 23186.4941    2413.9717    2529.9041
 23819.4492    2649.0015    2768.0986
 24257.2168    2889.3848    3010.6709
 24546.7793    3133.4048    3256.1387
 24731.0137    3379.7937    3503.4487
 24844.3281    3627.6704    3751.8921
 24911.9746    3876.4519    4001.0117
 24951.2910    4125.7681    4250.5244
 24973.5938    4375.3921    4500.2603
 24985.9609    4625.1899    4750.1196
 24992.6738    4875.0830    5000.0464
 24996.2441    5125.0273    5250.0088
 24998.1094    5374.9990    5499.9897
