1
2
3
4
5
6
7
8
9
10
11
12
13
14
15
16
17
18
19
20
21
22
23
24
25
26
27
28
29
30
31
32
33
34
35
36
37
38
39
40
41
42
43
44
45
46
47
48
49
50
51
52
53
54
55
56
57
58
59
60
61
62
63
64
65
66
67
68
69
70
71
72
73
74
75
76
77
78
79
80
81
82
83
84
85
86
87
88
89
90
91
92
93
94
95
96
97
98
99
100
101
102
103
104
105
106
107
108
109
110
111
112
113
114
115
116
117
118
119
120
121
122
123
124
125
126
128
129
130
132
133
134
135
136
138
140
141
142
143
144
145
146
147
148
150
152
153
154
155
156
158
159
160
161
162
164
165
166
168
169
170
171
172
174
175
176
177
178
180
182
183
184
185
186
187
188
189
190
192
194
195
196
198
200
201
202
203
204
205
206
207
208
209
210
212
213
214
215
216
217
218
219
220
221
222
224
225
226
228
230
231
232
234
235
236
237
238
240
242
243
244
245
246
247
248
249
250
252
253
255
256
258
259
260
261
264
265
266
267
268
270
272
273
275
276
279
280
282
284
285
286
287
288
289
290
291
292
294
295
296
297
299
300
301
303
304
305
306
308
309
310
312
315
316
318
319
320
321
322
323
324
325
327
328
329
330
332
333
335
336
338
339
340
341
342
343
344
345
348
350
351
352
354
355
356
357
360
361
363
364
365
366
368
369
370
371
372
374
375
376
377
378
380
384
385
387
388
390
391
392
395
396
399
400
402
403
404
405
406
407
408
410
412
413
414
415
416
418
420
423
424
425
426
427
428
429
430
432
434
435
436
437
438
440
441
442
444
445
448
450
451
452
455
456
459
460
462
464
465
468
469
470
472
473
474
475
476
477
480
481
483
484
485
486
488
490
492
493
494
495
496
497
498
500
504
505
506
507
510
511
512
513
515
516
517
518
520
522
525
527
528
529
530
531
532
533
534
535
536
539
540
544
545
546
549
550
551
552
553
555
558
559
560
561
564
565
567
568
570
572
574
575
576
578
580
581
582
583
584
585
588
589
590
592
594
595
598
600
602
603
605
606
608
609
610
611
612
615
616
618
620
621
623
624
625
627
629
630
632
636
637
638
639
640
642
644
645
646
648
649
650
651
654
656
657
658
660
663
664
665
666
667
670
671
672
675
676
678
679
680
682
684
686
688
689
690
693
696
697
700
702
703
704
705
707
708
710
711
712
713
714
715
720
721
722
725
726
728
729
730
731
732
735
736
737
738
740
741
742
744
747
748
749
750
752
754
756
759
760
763
765
767
768
770
774
775
776
777
779
780
781
782
783
784
790
791
792
793
795
798
799
800
801
803
804
805
806
808
810
812
814
816
817
819
820
824
825
826
828
830
832
833
836
837
840
845
846
847
848
850
851
852
854
855
856
858
860
861
864
867
868
869
870
871
872
873
874
875
876
880
882
884
885
888
890
891
893
896
897
900
901
902
903
904
909
910
912
913
915
918
920
923
924
925
927
928
930
931
935
936
938
940
943
944
945
946
948
949
950
952
954
957
960
962
963
966
968
969
970
972
975
976
979
980
981
984
986
987
988
989
990
992
994
996
999
1000
1001
1003
1005
1007
1008
1010
1012
1014
1017
1020
1022
1023
1024
1025
1026
1027
1029
1030
1032
1034
1035
1036
1037
1040
1044
1045
1050
1053
1054
1056
1058
1060
1062
1064
1065
1066
1067
1068
1070
1071
1072
1075
1078
1079
1080
1081
1083
1088
1089
1090
1092
1095
1098
1100
1102
1104
1105
1106
1110
1111
1113
1116
1118
1120
1121
1122
1125
1127
1128
1130
1131
1133
1134
1136
1139
1140
1144
1148
1150
1152
1155
1156
1157
1159
1160
1162
1164
1166
1168
1170
1173
1175
1176
1177
1178
1180
1183
1184
1185
1188
1190
1196
1197
1199
1200
1204
1206
1207
1209
1210
1212
1215
1216
1218
1219
1220
1221
1222
1224
1225
1230
1232
1235
1236
1239
1240
1241
1242
1243
1245
1246
1248
1250
1254
1258
1260
1261
1264
1265
1272
1273
1274
1275
1276
1278
1280
1281
1284
1287
1288
1290
1292
1296
1298
1300
1302
1305
1308
1309
1311
1312
1313
1314
1316
1320
1323
1325
1326
1328
1330
1332
1334
1335
1339
1340
1342
1343
1344
1349
1350
1352
1356
1357
1358
1360
1364
1365
1368
1372
1375
1376
1377
1378
1380
1386
1387
1391
1392
1394
1395
1400
1403
1404
1406
1407
1408
1410
1411
1414
1416
1417
1420
1422
1424
1425
1426
1428
1430
1440
1442
1443
1444
1445
1449
1450
1452
1455
1456
1458
1460
1462
1463
1464
1469
1470
1472
1474
1475
1476
1479
1480
1482
1484
1485
1488
1491
1494
1495
1496
1498
1500
1501
1504
1508
1512
1513
1515
1518
1520
1521
1525
1526
1530
1533
1534
1536
1539
1540
1541
1545
1547
1548
1550
1552
1554
1558
1560
1562
1564
1566
1568
1575
1577
1580
1581
1582
1584
1586
1587
1590
1596
1598
1600
1602
1605
1606
1608
1610
1612
1615
1616
1617
1620
1624
1625
1628
1632
1633
1634
1635
1638
1640
1648
1649
1650
1652
1653
1656
1659
1660
1664
1665
1666
1672
1674
1675
1679
1680
1683
1690
1691
1692
1694
1695
1696
1700
1701
1702
1704
1710
1712
1716
1717
1720
1722
1725
1728
1729
1734
1738
1740
1742
1743
1744
1746
1748
1750
1751
1752
1755
1760
1764
1767
1768
1770
1771
1775
1776
1780
1782
1785
1786
1792
1794
1800
1802
1804
1805
1806
1808
1817
1818
1819
1820
1824
1825
1826
1827
1836
1840
1843
1846
1848
1850
1853
1854
1856
1860
1862
1863
1869
1870
1872
1875
1880
1881
1886
1887
1888
1890
1892
1896
1898
1900
1904
1908
1909
1911
1914
1919
1920
1921
1924
1925
1926
1932
1936
1938
1940
1944
1950
1953
1955
1957
1958
1960
1962
1968
1972
1974
1975
1976
1978
1980
1989
1992
1995
1998
2000
2001
2002
2006
2014
2016
2020
2023
2024
2025
2028
2033
2034
2037
2040
2046
2047
2050
2052
2054
2058
2060
2064
2068
2070
2071
2075
2079
2080
2088
2090
2093
2100
2106
2109
2112
2116
2120
2121
2124
2125
2128
2132
2134
2136
2139
2140
2142
2147
2150
2156
2158
2160
2162
2163
2166
2175
2178
2180
2184
2185
2200
2204
2205
2208
2210
2220
2222
2223
2225
2226
2231
2232
2236
2240
2242
2244
2247
2250
2254
2256
2260
2261
2262
2266
2268
2275
2277
2280
2288
2289
2300
2304
2310
2314
2320
2323
2325
2328
2331
2332
2340
2346
2350
2352
2354
2360
2366
2369
2373
2375
2376
2380
2392
2394
2398
2400
2415
2418
2420
2424
2425
2436
2438
2442
2444
2448
2450
2457
2461
2464
2470
2472
2475
2478
2484
2486
2496
2499
2500
2507
2508
2520
2522
2525
2530
2544
2548
2550
2552
2553
2568
2574
2575
2576
2592
2596
2599
2600
2616
2618
2622
2625
2626
2640
2645
2650
2652
2664
2668
2675
2678
2688
2691
2700
2704
2712
2714
2725
2730
2736
2737
2750
2756
2760
2775
2782
2784
2800
2808
2825
2832
2834
2850
2856
2860
2875
2880
2886
2900
2912
2925
2938
2950
2964
2975
2990
3000
3016
3042
3068
3094
3120
