   800.0000       4.0000       8.0000
   844.0491      12.2202      16.4405
   929.6631      21.0888      25.7371
  1053.6499      31.0054      36.2736
  1223.6694      42.3920      48.5103
  1453.6835      55.7787      63.0471
  1765.4266      71.8743      80.7014
  2191.9463      91.6611     102.6209
  2783.6519     116.5391     130.4574
  3618.2158     148.5485     166.6396
  4816.2813     190.7210     214.8024
  6564.9385     247.6271     280.4518
  9147.5068     326.1893     371.9268
 12961.9473     436.7366     501.5463
 18460.4219     593.8484     686.1505
 25847.6172     815.3886     944.6267
 33577.2070    1112.5128    1280.3988
 38880.9805    1474.8037    1669.2086
 42921.6719    1883.8169    2098.4253
 45700.5586    2326.9282    2555.4309
 47471.4297    2792.7881    3030.1453
 48543.1836    3272.8613    3515.5771
 49171.0508    3761.4324    4007.2876
 49531.7461    4254.9463    4502.6050
 49736.5977    4751.2876    4999.9707
