   1001.244       5.006218       10.01244    
   1011.258       15.06873       20.12502    
   1031.682       25.28342       30.44183    
   1063.330       35.75848       41.07513    
   1107.512       46.61269       52.15025    
   1166.145       57.98098       63.81171    
   1241.928       70.02135       76.23099    
   1338.612       82.92405       89.61711    
   1461.401       96.92412       104.2311    
   1617.561       112.3189       120.4067    
   1817.368       129.4936       138.5804    
   2075.558       148.9582       159.3360    
   2413.680       171.4044       183.4728    
   2863.821       197.7919       212.1110    
   3474.644       229.4842       246.8575    
   4320.857       268.4617       290.0660    
   5516.812       317.6501       345.2342    
   7230.458       381.3865       417.5388    
   9674.901       465.9133       514.2878    
  13003.92       579.3074       644.3270    
  17004.89       729.3514       814.3759    
  20799.33       918.3725       1022.369    
  23356.94       1139.154       1255.939    
  24527.19       1378.574       1501.210    
  24898.04       1625.701       1750.191    
  24983.22       1875.107       2000.023    
  24997.87       2125.012       2250.002    
  24999.79       2375.000       2500.000    
  24999.98       2625.000       2749.999    
  25000.00       2874.999       2999.999    
  25000.00       3124.999       3249.999    
  25000.00       3374.999       3499.999    
  25000.00       3624.999       3749.999    
  25000.00       3874.999       3999.999    
  25000.00       4124.999       4249.999    
  25000.00       4374.999       4499.999    
  25000.00       4624.999       4749.999    
  25000.00       4874.999       4999.999    
  25000.00       5124.999       5249.999    
  25000.00       5374.999       5499.999    
