  1764   277.951     .0000
  1765   277.980     .0000
  1766   278.011     .0000
  1767   278.045     .0000
  1768   278.082     .0000
  1769   278.121     .0000
  1770   278.164     .0000
  1771   278.210     .0000
  1772   278.258     .0000
  1773   278.310     .0000
  1774   278.364     .0000
  1775   278.422     .0000
  1776   278.483     .0000
  1777   278.546     .0000
  1778   278.613     .0000
  1779   278.683     .0000
  1780   278.756     .0000
  1781   278.833     .0000
  1782   278.912     .0000
  1783   278.995     .0000
  1784   279.081     .0000
  1785   279.171     .0000
  1786   279.263     .0000
  1787   279.359     .0000
  1788   279.459     .0000
  1789   279.561     .0000
  1790   279.668     .0000
  1791   279.777     .0000
  1792   279.890     .0000
  1793   280.007     .0000
  1794   280.127     .0000
  1795   280.250     .0000
  1796   280.377     .0000
  1797   280.507     .0000
  1798   280.640     .0000
  1799   280.776     .0000
  1800   280.914     .0000
  1801   281.054     .0000
  1802   281.195     .0000
  1803   281.337     .0000
  1804   281.479     .0000
  1805   281.622     .0000
  1806   281.764     .0000
  1807   281.906     .0000
  1808   282.047     .0000
  1809   282.185     .0000
  1810   282.322     .0000
  1811   282.457     .0000
  1812   282.588     .0000
  1813   282.717     .0000
  1814   282.841     .0000
  1815   282.962     .0000
  1816   283.078     .0000
  1817   283.190     .0000
  1818   283.297     .0000
  1819   283.401     .0000
  1820   283.502     .0000
  1821   283.600     .0000
  1822   283.696     .0000
  1823   283.790     .0000
  1824   283.883     .0000
  1825   283.974     .0000
  1826   284.066     .0000
  1827   284.157     .0000
  1828   284.249     .0000
  1829   284.343     .0000
  1830   284.438     .0000
  1831   284.535     .0000
  1832   284.634     .0000
  1833   284.738     .0000
  1834   284.845     .0000
  1835   284.956     .0000
  1836   285.072     .0000
  1837   285.193     .0000
  1838   285.321     .0000
  1839   285.454     .0000
  1840   285.594     .0000
  1841   285.737     .0000
  1842   285.881     .0002
  1843   286.026     .0011
  1844   286.168     .0032
  1845   286.309     .0070
  1846   286.448     .0119
  1847   286.583     .0174
  1848   286.716     .0231
  1849   286.845     .0290
  1850   286.971     .0350
  1851   287.094     .0410
  1852   287.214     .0469
  1853   287.330     .0526
  1854   287.442     .0584
  1855   287.552     .0641
  1856   287.658     .0700
  1857   287.763     .0759
  1858   287.868     .0816
  1859   287.973     .0871
  1860   288.078     .0922
  1861   288.185     .0969
  1862   288.294     .1017
  1863   288.407     .1076
  1864   288.524     .1145
  1865   288.646     .1217
  1866   288.773     .1284
  1867   288.905     .1340
  1868   289.044     .1387
  1869   289.188     .1441
  1870   289.338     .1518
  1871   289.495     .1619
  1872   289.659     .1723
  1873   289.830     .1804
  1874   290.009     .1856
  1875   290.196     .1890
  1876   290.390     .1923
  1877   290.592     .1966
  1878   290.801     .2033
  1879   291.017     .2138
  1880   291.241     .2280
  1881   291.470     .2441
  1882   291.704     .2592
  1883   291.944     .2704
  1884   292.189     .2771
  1885   292.437     .2819
  1886   292.688     .2893
  1887   292.943     .3014
  1888   293.200     .3166
  1889   293.457     .3322
  1890   293.715     .3463
  1891   293.971     .3572
  1892   294.225     .3651
  1893   294.475     .3725
  1894   294.721     .3830
  1895   294.963     .3975
  1896   295.201     .4156
  1897   295.439     .4372
  1898   295.677     .4629
  1899   295.917     .4906
  1900   296.160     .5171
  1901   296.408     .5417
  1902   296.663     .5666
  1903   296.926     .5937
  1904   297.198     .6242
  1905   297.477     .6593
  1906   297.764     .6964
  1907   298.056     .7289
  1908   298.353     .7540
  1909   298.655     .7765
  1910   298.958     .8024
  1911   299.265     .8314
  1912   299.573     .8559
  1913   299.884     .8674
  1914   300.196     .8688
  1915   300.509     .8739
  1916   300.823     .8889
  1917   301.137     .9026
  1918   301.451     .9043
  1919   301.766     .8972
  1920   302.080     .8924
  1921   302.394     .8997
  1922   302.707     .9237
  1923   303.018     .9578
  1924   303.326     .9887
  1925   303.630    1.0133
  1926   303.929    1.0393
  1927   304.222    1.0693
  1928   304.510    1.0912
  1929   304.792    1.0866
  1930   305.069    1.0483
  1931   305.343     .9937
  1932   305.613     .9562
  1933   305.880     .9582
  1934   306.147     .9976
  1935   306.413    1.0578
  1936   306.680    1.1191
  1937   306.950    1.1682
  1938   307.225    1.2060
  1939   307.506    1.2427
  1940   307.794    1.2812
  1941   308.092    1.3138
  1942   308.400    1.3313
  1943   308.720    1.3291
  1944   309.054    1.3133
  1945   309.403    1.3075
  1946   309.766    1.3360
  1947   310.146    1.3981
  1948   310.542    1.4741
  1949   310.956    1.5538
  1950   311.388    1.6386
  1951   311.841    1.7221
  1952   312.314    1.7943
  1953   312.809    1.8615
  1954   313.328    1.9427
  1955   313.870    2.0451
  1956   314.439    2.1567
  1957   315.035    2.2634
  1958   315.659    2.3632
  1959   316.310    2.4586
  1960   316.983    2.5495
  1961   317.673    2.6406
  1962   318.378    2.7448
  1963   319.106    2.8697
  1964   319.872    3.0101
  1965   320.692    3.1555
  1966   321.574    3.3022
  1967   322.517    3.4579
  1968   323.525    3.6337
  1969   324.594    3.8304
  1970   325.716    4.0342
  1971   326.883    4.2278
  1972   328.086    4.3974
  1973   329.311    4.5328
  1974   330.555    4.6391
  1975   331.834    4.7415
  1976   333.163    4.8618
  1977   334.544    4.9950
  1978   335.965    5.1156
  1979   337.415    5.1919
  1980   338.885    5.2043
  1981   340.371    5.1720
  1982   341.880    5.1483
  1983   343.420    5.1806
  1984   344.992    5.2797
  1985   346.601    5.4256
  1986   348.193    5.5907
  1987   349.768    5.7545
  1988   351.335    5.9005	
  1989   352.865    6.0129
  1990   354.400    6.1670
  1991   355.914    6.2293
  1992   357.424    6.2916
  1993   358.941    6.3539
  1994   360.472    6.4162
  1995   362.022    6.4785
  1996   363.592    6.5408
  1997   365.182    6.6031
  1998   366.792    6.6654
  1999   368.422    6.7277
  2000   370.067    6.7900
  YEAR      CONC     EFOSS
  END OF YEAR CONCS AS USED IN IPCC95 TO 1990,
   THEN BASED ON KEELING DATA (FROM WHORF, AUG. 2000)
   FOR DETAILS, SEE C:\CO2DATA
   MINOR CHANGE TO 1990 (0.007 LESS THAN BEFORE)
  FOSSIL CO2 EMISSIONS HISTORY
   SMOOTHED MARLAND TO 1990, THEN SRES
