4.198787	65.899088
4.299390	65.880850
4.399778	65.862480
4.499954	65.843982
4.599913	65.825355
4.699633	65.806579
4.799116	65.787658
4.898372	65.768603
4.997399	65.749411
5.096194	65.730084
5.194751	65.710615
5.293044	65.690988
5.391096	65.671220
5.488907	65.651313
5.586469	65.631265
5.683781	65.611072
5.780836	65.590732
5.877609	65.570227
5.974128	65.549582
6.070381	65.528784
6.166364	65.507837
6.262081	65.486744
6.357522	65.465497
6.452682	65.444096
6.547557	65.422538
6.642146	65.400824
6.736443	65.378953
6.830434	65.356913
6.924134	65.334718
7.017530	65.312364
7.110623	65.289847
7.203407	65.267168
7.295876	65.244326
7.388027	65.221315
7.479852	65.198138
7.571357	65.174795
7.662529	65.151283
7.753365	65.127599
7.843863	65.103745
7.934016	65.079717
8.023817	65.055513
8.113271	65.031138
8.202365	65.006585
8.291098	64.981856
8.379465	64.956948
8.467442	64.931852
8.555041	64.906572
8.642264	64.881114
8.729091	64.855469
8.815531	64.829640
8.901575	64.803631
8.987221	64.777435
9.072454	64.751049
9.157260	64.724466
9.241640	64.697689
9.325600	64.670725
9.409139	64.643573
9.492246	64.616231
9.574886	64.588680
9.657077	64.560934
9.738831	64.533000
9.820139	64.504875
9.900951	64.476537
9.981298	64.448004
10.061189	64.419280
10.140601	64.390359
10.219503	64.361225
10.297936	64.331901
10.375881	64.302382
10.453303	64.272651
10.530251	64.242735
10.606681	64.212614
10.682597	64.182293
10.758025	64.151787
10.832902	64.121066
10.907292	64.090165
10.981151	64.059065
11.054495	64.027775
11.127316	63.996292
11.199617	63.964623
11.271401	63.932768
11.342659	63.900726
11.413410	63.868507
11.483639	63.836107
11.553352	63.803530
11.622569	63.770785
11.691271	63.737868
11.759494	63.704793
11.827198	63.671547
11.894440	63.638151
11.961190	63.604600
12.027475	63.570901
12.093300	63.537058
12.158627	63.503058
12.223487	63.468916
12.287867	63.434626
12.351745	63.400182
12.415142	63.365593
12.478050	63.330858
12.540442	63.295969
12.602341	63.260934
12.663741	63.225753
12.724613	63.190417
12.784974	63.154934
12.844820	63.119303
12.904148	63.083526
12.962926	63.047593
13.021177	63.011512
13.078891	62.975282
13.136071	62.938907
13.192698	62.902381
13.248756	62.865700
13.304258	62.828872
13.359193	62.791893
13.413565	62.754766
13.467358	62.717488
13.520566	62.680060
13.573191	62.642484
13.625214	62.604755
13.676634	62.566875
13.727446	62.528847
13.777635	62.490665
13.827201	62.452332
13.876135	62.413849
13.924428	62.375215
13.972074	62.336430
14.019058	62.297492
14.065378	62.258403
14.111028	62.219164
14.155992	62.179773
14.200265	62.140231
14.243839	62.100539
14.286695	62.060694
14.328811	62.020696
14.370197	61.980547
14.410839	61.940247
14.450722	61.899798
14.489809	61.859191
14.528120	61.818438
14.565633	61.777535
14.602305	61.736475
14.638161	61.695269
14.673145	61.653909
14.707270	61.612400
14.740499	61.570742
14.772832	61.528936
14.804234	61.486981
14.834724	61.444885
14.864241	61.402641
14.892816	61.360260
14.920434	61.317743
14.947059	61.275091
14.972714	61.232310
14.997397	61.189405
15.021096	61.146380
15.043804	61.103238
15.065544	61.059986
15.086328	61.016630
15.106158	60.973176
15.125053	60.929629
15.143021	60.885993
15.160086	60.842277
15.176274	60.798486
15.191616	60.754626
15.206137	60.710702
15.219870	60.666720
15.232848	60.622685
15.245107	60.578603
15.256685	60.534478
15.267611	60.490314
15.277934	60.446116
15.287691	60.401888
15.296928	60.357633
15.305681	60.313354
15.313997	60.269056
15.321908	60.224739
15.329453	60.180406
15.336680	60.136060
15.343624	60.091701
15.350321	60.047334
15.356782	60.002957
15.363015	59.958572
15.369021	59.914178
15.374794	59.869776
15.380337	59.825365
15.385657	59.780947
15.390740	59.736521
15.395601	59.692088
15.400231	59.647648
15.404631	59.603201
15.408806	59.558747
15.412746	59.514286
15.416461	59.469820
15.419941	59.425348
15.423193	59.380869
15.426209	59.336386
15.428999	59.291897
15.431547	59.247403
15.433865	59.202905
15.435945	59.158402
15.437793	59.113895
15.439399	59.069384
15.440768	59.024869
15.441895	58.980351
15.442778	58.935830
15.443422	58.891307
15.443815	58.846780
15.443964	58.802252
15.443863	58.757722
15.443510	58.713190
15.442909	58.668658
15.442048	58.624125
15.440932	58.579591
15.439559	58.535058
15.437917	58.490525
15.436019	58.445994
15.433847	58.401463
15.431409	58.356935
15.428705	58.312408
15.425713	58.267885
15.422447	58.223365
15.418873	58.178850
15.414945	58.134340
15.410639	58.089838
15.405904	58.045347
15.400706	58.000867
15.395029	57.956402
15.388818	57.911954
15.382055	57.867527
15.374727	57.823123
15.366792	57.778746
15.358224	57.734400
15.349026	57.690087
15.339180	57.645812
15.328643	57.601581
15.317425	57.557394
15.305522	57.513258
15.292930	57.469173
15.279639	57.425146
15.265637	57.381180
15.250925	57.337280
15.235516	57.293447
15.219412	57.249686
15.202618	57.205998
15.185141	57.162388
15.166988	57.118857
15.148168	57.075408
15.128695	57.032043
15.108579	56.988764
15.087832	56.945573
15.066470	56.902470
15.044496	56.859458
15.021917	56.816541
14.998765	56.773714
14.975054	56.730980
14.950805	56.688337
14.926022	56.645788
14.900695	56.603336
14.874876	56.560976
14.848586	56.518704
14.821791	56.476531
14.794541	56.434449
14.766871	56.392453
14.738726	56.350556
14.710188	56.308743
14.681236	56.267021
14.651887	56.225388
14.622171	56.183838
14.592070	56.142377
14.561632	56.100997
14.530830	56.059706
14.499711	56.018491
14.468275	55.977357
14.436569	55.936293
14.404651	55.895285
14.372523	55.854334
14.340263	55.813422
14.307878	55.772546
14.275407	55.731698
14.242888	55.690868
14.210338	55.650052
14.177789	55.609243
14.145267	55.568432
14.112789	55.527617
14.080385	55.486791
14.048069	55.445947
14.015862	55.405083
13.983787	55.364192
13.951859	55.323270
13.920092	55.282314
13.888498	55.241321
13.857095	55.200287
13.825912	55.159204
13.794948	55.118074
13.764213	55.076893
13.733718	55.035659
13.703477	54.994370
13.673506	54.953022
13.643824	54.911611
13.614429	54.870137
13.585327	54.828599
13.556529	54.786997
13.528042	54.745328
13.499875	54.703592
13.472036	54.661786
13.444533	54.619910
13.417376	54.577963
13.390585	54.535940
13.364149	54.493845
13.338074	54.451678
13.312367	54.409438
13.287032	54.367124
13.262076	54.324738
13.237503	54.282277
13.213316	54.239744
13.189524	54.197137
13.166125	54.154457
13.143128	54.111704
13.120532	54.068879
13.098343	54.025983
13.076564	53.983015
13.055197	53.939976
13.034244	53.896868
13.013708	53.853691
12.993590	53.810445
12.973893	53.767133
12.954617	53.723753
12.935765	53.680309
12.917336	53.636801
12.899331	53.593229
12.881753	53.549595
12.864629	53.505897
12.847939	53.462138
12.831675	53.418321
12.815839	53.374447
12.800431	53.330517
12.785450	53.286533
12.770896	53.242495
12.756766	53.198406
12.743058	53.154267
12.729774	53.110079
12.716946	53.065840
12.704567	53.021551
12.692608	52.977219
12.681067	52.932844
12.669941	52.888427
12.659229	52.843970
12.648926	52.799474
12.639062	52.754938
12.629661	52.710362
12.620665	52.665753
12.612070	52.621110
12.603874	52.576436
12.596072	52.531733
12.588709	52.486997
12.581795	52.442232
12.575269	52.397440
12.569125	52.352625
12.563360	52.307786
12.558005	52.262925
12.553112	52.218039
12.548588	52.173134
12.544429	52.128212
12.540630	52.083273
12.537273	52.038317
12.534325	51.993345
12.531727	51.948361
12.529472	51.903365
12.527604	51.858358
12.526182	51.813340
12.525091	51.768314
