  17   0   0  61   0
  10  41   0  17
   0   0   0   0
   0   0   0   0
  23 101 118  61
   0   0   0   0
  15   7  19  20  41  42  43  44  45  46  47  48  49  50  51  25  26
   1   2   3   4   5   6   8   9  10  22  11  12  13  14  16  17  18  21  23  24
  78  27  28  29  30  31  32  33  34  35  36  37  38  39  40  52  53  54  55  56
  58  57  59  60  61  62  63  64  65  66  67  68  69  70  71  72  73  74  75  76
  77
   47.998199999999997        15.999400000000000        15.999400000000000        31.998799999999999        31.998799999999999        31.998799999999999        44.012880000000003        14.006740000000001        30.006140000000002        46.005539999999996        62.004939999999998        63.012339999999995        79.011740000000003        108.01048000000000        16.040599999999998        47.031999999999996        48.039400000000001        30.025199999999998        28.010399999999997        2.0148000000000001        1.0074000000000001        17.006799999999998        33.006200000000000        34.013599999999997        100.91685000000000        99.716849999999994        35.452700000000000        70.905400000000000        51.452100000000002        67.451499999999996        102.90420000000000        36.460099999999997        52.459499999999998        97.457639999999998        115.35669999999999        79.903999999999996        95.903399999999991        80.911400000000000        96.910799999999995        141.90894000000000        50.485900000000001        94.937199999999990        137.36750320000002        120.91320639999999        187.37530959999998        86.467906399999990        153.82180000000000        133.40230000000000        148.91020960000000        165.36450639999998        44.009799999999998        28.013480000000001        31.998799999999999        14.006740000000001        15.999400000000000        30.006140000000002       5.48567000000000022E-004   14.006740000000001        64.064800000000005        62.132400000000004        98.078400000000002        12.010999999999999        115.10734000000002        12.010999999999999        12.010999999999999        12.010999999999999        135.06403900000001        58.442468000000005        1.0074000000000001        115.10734000000002        12.010999999999999        58.442468000000005        1.0074000000000001        135.06403900000001        58.442468000000005        115.10734000000002        1.0074000000000001        18.014199999999999     
O3              O               O1D             O2              O2_1S           O2_1D           N2O             N               NO              NO2             
NO3             HNO3            HO2NO2          N2O5            CH4             CH3O2           CH3OOH          CH2O            CO              H2              
H               OH              HO2             H2O2            CLY             BRY             CL              CL2             CLO             OCLO            
CL2O2           HCL             HOCL            CLONO2          BRCL            BR              BRO             HBR             HOBR            BRONO2          
CH3CL           CH3BR           CFC11           CFC12           CFC113          HCFC22          CCL4            CH3CCL3         CF3BR           CF2CLBR         
CO2             N2p             O2p             Np              Op              NOp             e               N2D             SO2             DMS             
H2SO4           SOAG            so4_a1          pom_a1          soa_a1          bc_a1           dst_a1          ncl_a1          num_a1          so4_a2          
soa_a2          ncl_a2          num_a2          dst_a3          ncl_a3          so4_a3          num_a3          H2O             
  59  61  58  48  22  21  40  52  53  54  55  36  29  26  42  27  46  47  51  34
  45  56  23  50  20  18  60  43  44  24  57  49  35  41  32  33  37  28  30  38
  31  39  19  25   1   2   3   4   5   6   7   8   9  10  11  12  13  14  15  16
  17
   1   2   3   4   5   6   7   8   9  10  11  12  13  14  15  16  17  18  22  24
  27  30  32  34  38  43  49  55  62  69  75  80  90  99 106 112 117 126 137 148
 155 164 174 184 193 201 213 231 247 270 295 318 342 371 391 413 432 451 469 492
 527
