  2400
  QOTHER FORCING USES MEAN OF A1, A2, B1 & B2 (ERROR < 0.002 W/m**2)
  YEAR  QDIRMONT  QSTRATOZ   QKYDROP OTHERDROP    QKYCON  OTHERCON     CFC12
X123451234567890123456789012345678901234567890123456789012345678901234567890
  1930    .00000    .00000    .00000    .00000    .00000    .00000      .000
  1931    .00017    .00000    .00000    .00000    .00000    .00000      .035
  1932    .00034    .00000    .00000    .00000    .00000    .00000      .070
  1933    .00051    .00000    .00000    .00000    .00000    .00000      .105
  1934    .00068    .00000    .00000    .00000    .00000    .00000      .140
  1935    .00085    .00000    .00000    .00000    .00000    .00000      .175
  1936    .00103    .00000    .00000    .00000    .00000    .00000      .210
  1937    .00120    .00000    .00000    .00000    .00000    .00000      .245
  1938    .00137    .00000    .00000    .00000    .00000    .00000      .280
  1939    .00154    .00000    .00000    .00000    .00000    .00000      .315
  1940    .00171    .00000    .00000    .00000    .00000    .00000       .35
  1941    .00209    .00000    .00001    .00000    .00001    .00000       .59
  1942    .00246    .00000    .00002    .00000    .00002    .00000       .83
  1943    .00284    .00000    .00003    .00000    .00003    .00000      1.06
  1944    .00322    .00000    .00004    .00000    .00004    .00000      1.30
  1945    .00360    .00000    .00005    .00000    .00005    .00000      1.54
  1946    .00428    .00000    .00007    .00000    .00007    .00000      2.65
  1947    .00496    .00000    .00009    .00000    .00009    .00000      3.75
  1948    .00564    .00000    .00012    .00000    .00012    .00000      4.86
  1949    .00632    .00000    .00014    .00000    .00014    .00000      5.96
  1950    .00700    .00000    .00016    .00000    .00016    .00000      7.07
  1951    .00797    .00000    .00022    .00000    .00022    .00000      8.88
  1952    .00894    .00000    .00027    .00000    .00027    .00000     10.69
  1953    .00991    .00000    .00033    .00000    .00033    .00000     12.50
  1954    .01087    .00000    .00039    .00000    .00039    .00000     14.31
  1955    .01184    .00000    .00044    .00000    .00044    .00000     16.12
  1956    .01346    .00000    .00051    .00000    .00051    .00000     19.34
  1957    .01509    .00000    .00058    .00000    .00058    .00000     22.56
  1958    .01671    .00000    .00066    .00000    .00066    .00000     25.78
  1959    .01833    .00000    .00073    .00000    .00073    .00000     29.00
  1960    .01995    .00000    .00080    .00000    .00080    .00000     32.22
  1961    .02328    .00000    .00087    .00000    .00087    .00000     38.44
  1962    .02661    .00000    .00094    .00000    .00094    .00000     44.66
  1963    .02993    .00000    .00101    .00000    .00101    .00000     50.89
  1964    .03326    .00000    .00108    .00000    .00108    .00000     57.11
  1965    .03658    .00000    .00115    .00000    .00115    .00000     63.33
  1966    .04346    .00000    .00123    .00000    .00123    .00000     75.49
  1967    .05034    .00000    .00131    .00000    .00131    .00000     87.65
  1968    .05722    .00000    .00139    .00000    .00139    .00000     99.81
  1969    .06410    .00000    .00147    .00000    .00147    .00000    111.97
  1970    .07098    .00000    .00155    .00000    .00155    .00000    124.13
  1971    .08185   -.00533    .00164    .00000    .00164    .00000    143.05
  1972    .09273   -.01065    .00172    .00000    .00172    .00000    161.97
  1973    .10360   -.01598    .00181    .00000    .00181    .00000    180.89
  1974    .11448   -.02495    .00189    .00000    .00189    .00000    199.81
  1975    .12535   -.03392    .00198    .00000    .00198    .00000    218.73
  1976    .13627   -.04289    .00215    .00000    .00215    .00000    236.44
  1977    .14719   -.05185    .00232    .00000    .00232    .00000    254.15
  1978    .15811   -.06082    .00249    .00000    .00249    .00000    271.87
  1979    .16902   -.07074    .00266    .00000    .00266    .00000    289.58
  1980    .17994   -.08065    .00283    .00000    .00283    .00000    307.29
  1981    .19024   -.09056    .00316    .00012    .00316    .00012    324.01
  1982    .20054   -.10048    .00348    .00023    .00348    .00023    340.72
  1983    .21084   -.11039    .00381    .00035    .00381    .00035    357.44
  1984    .22113   -.11912    .00414    .00046    .00414    .00046    374.15
  1985    .23143   -.12786    .00447    .00058    .00447    .00058    390.87
  1986    .24349   -.13659    .00484    .00074    .00484    .00074    408.91
  1987    .25555   -.14532    .00522    .00090    .00522    .00090    426.96
  1988    .26761   -.15406    .00560    .00106    .00560    .00106    445.00
  1989    .27967   -.16404    .00597    .00122    .00597    .00122    463.05
  1990    .29173   -.17403    .00635    .00138    .00635    .00138    481.09
  1991    .29989   -.18402    .00673    .00147    .00673    .00147    493.20
  1992    .30735   -.19400    .00718    .00156    .00718    .00156    504.28
  1993    .31414   -.20399    .00769    .00167    .00769    .00167    514.34
  1994    .32027   -.20901    .00826    .00178    .00826    .00178    523.38
  1995    .32576   -.21265    .00889    .00191    .00889    .00191    531.42
  1996    .33064   -.21510    .00957    .00204    .00957    .00204    538.47
  1997    .33490   -.21648    .01031    .00217    .01031    .00217    544.53
  1998    .33855   -.21690    .01109    .00232    .01109    .00232    549.62
  1999    .34162   -.21646    .01191    .00247    .01191    .00247    553.75
  2000    .34409   -.21522    .01278    .00263    .01278    .00263    556.92
  2001    .34641   -.21326    .01380    .00281    .01380    .00281    559.83
  2002    .34857   -.21063    .01497    .00299    .01497    .00299    562.48
  2003    .35055   -.20737    .01626    .00319    .01626    .00319    564.87
  2004    .35235   -.20419    .01767    .00338    .01767    .00338    567.00
  2005    .35397   -.20121    .01918    .00360    .01918    .00360    568.88
  2006    .35540   -.19839    .02080    .00382    .02080    .00382    570.52
  2007    .35665   -.19569    .02250    .00404    .02250    .00404    571.90
  2008    .35772   -.19306    .02429    .00428    .02429    .00428    573.04
  2009    .35861   -.19046    .02616    .00451    .02616    .00451    573.93
  2010    .35933   -.18787    .02810    .00476    .02810    .00476    574.59
  2011    .35923   -.18526    .03012    .00499    .03012    .00499    574.63
  2012    .35838   -.18260    .03220    .00520    .03220    .00520    574.08
  2013    .35682   -.17990    .03436    .00540    .03436    .00540    572.93
  2014    .35459   -.17705    .03657    .00558    .03657    .00558    571.19
  2015    .35173   -.17401    .03885    .00575    .03885    .00575    568.87
  2016    .34829   -.17076    .04118    .00591    .04118    .00591    565.97
  2017    .34428   -.16732    .04357    .00604    .04357    .00604    562.50
  2018    .33975   -.16370    .04601    .00617    .04601    .00617    558.46
  2019    .33471   -.15990    .04849    .00627    .04849    .00627    553.86
  2020    .32919   -.15595    .05102    .00636    .05102    .00636    548.71
  2021    .32379   -.15185    .05367    .00646    .05367    .00646    543.58
  2022    .31849   -.14760    .05643    .00654    .05643    .00654    538.46
  2023    .31328   -.14321    .05930    .00662    .05930    .00662    533.36
  2024    .30815   -.13926    .06226    .00670    .06226    .00670    528.27
  2025    .30310   -.13554    .06531    .00677    .06531    .00677    523.21
  2026    .29813   -.13196    .06845    .00684    .06845    .00684    518.16
  2027    .29322   -.12851    .07167    .00690    .07167    .00690    513.12
  2028    .28837   -.12516    .07497    .00696    .07497    .00696    508.10
  2029    .28357   -.12189    .07833    .00702    .07833    .00702    503.10
  2030    .27883   -.11871    .08177    .00707    .08177    .00707    498.12
  2031    .27426   -.11559    .08530    .00712    .08530    .00712    493.18
  2032    .26986   -.11254    .08893    .00717    .08893    .00717    488.29
  2033    .26559   -.10954    .09265    .00722    .09265    .00722    483.44
  2034    .26147   -.10664    .09645    .00727    .09645    .00727    478.65
  2035    .25748   -.10383    .10032    .00732    .10032    .00732    473.89
  2036    .25360   -.10111    .10428    .00737    .10428    .00737    469.19
  2037    .24984   -.09846    .10830    .00741    .10830    .00741    464.52
  2038    .24619   -.09588    .11239    .00746    .11239    .00746    459.91
  2039    .24263   -.09337    .11655    .00752    .11655    .00752    455.33
  2040    .23917   -.09092    .12077    .00756    .12077    .00756    450.80
  2041    .23571   -.08852    .12504    .00761    .12504    .00761    446.32
  2042    .23226   -.08618    .12936    .00765    .12936    .00765    441.88
  2043    .22881   -.08389    .13374    .00770    .13374    .00770    437.48
  2044    .22538   -.08164    .13816    .00774    .13816    .00774    433.13
  2045    .22196   -.07943    .14263    .00778    .14263    .00778    428.82
  2046    .21855   -.07725    .14714    .00783    .14714    .00783    424.56
  2047    .21516   -.07511    .15169    .00787    .15169    .00787    420.33
  2048    .21178   -.07301    .15627    .00791    .15627    .00791    416.15
  2049    .20841   -.07094    .16090    .00795    .16090    .00795    412.01
  2050    .20506   -.06889    .16556    .00798    .16556    .00798    407.91
  2051    .20183   -.06689    .17017    .00802    .17017    .00802    403.85
  2052    .19869   -.06491    .17474    .00805    .17474    .00805    399.83
  2053    .19565   -.06296    .17927    .00809    .17927    .00809    395.85
  2054    .19271   -.06106    .18377    .00812    .18377    .00812    391.91
  2055    .18984   -.05921    .18823    .00815    .18823    .00815    388.01
  2056    .18706   -.05740    .19267    .00818    .19267    .00818    384.15
  2057    .18435   -.05564    .19708    .00821    .19708    .00821    380.33
  2058    .18172   -.05392    .20147    .00824    .20147    .00824    376.55
  2059    .17915   -.05223    .20584    .00827    .20584    .00827    372.80
  2060    .17664   -.05059    .21019    .00830    .21019    .00830    369.09
  2061    .17420   -.04898    .21430    .00833    .21430    .00833    365.42
  2062    .17182   -.04740    .21820    .00836    .21820    .00836    361.78
  2063    .16950   -.04586    .22191    .00839    .22191    .00839    358.18
  2064    .16724   -.04435    .22543    .00841    .22543    .00841    354.62
  2065    .16503   -.04287    .22879    .00844    .22879    .00844    351.09
  2066    .16286   -.04142    .23200    .00847    .23200    .00847    347.60
  2067    .16075   -.04001    .23507    .00849    .23507    .00849    344.14
  2068    .15868   -.03862    .23802    .00852    .23802    .00852    340.71
  2069    .15665   -.03726    .24084    .00854    .24084    .00854    337.32
  2070    .15467   -.03593    .24355    .00857    .24355    .00857    333.97
  2071    .15272   -.03462    .24613    .00859    .24613    .00859    330.64
  2072    .15082   -.03334    .24859    .00862    .24859    .00862    327.35
  2073    .14895   -.03208    .25094    .00864    .25094    .00864    324.10
  2074    .14712   -.03085    .25317    .00867    .25317    .00867    320.87
  2075    .14532   -.02964    .25531    .00869    .25531    .00869    317.68
  2076    .14356   -.02845    .25736    .00872    .25736    .00872    314.52
  2077    .14182   -.02729    .25932    .00874    .25932    .00874    311.39
  2078    .14012   -.02615    .26119    .00876    .26119    .00876    308.29
  2079    .13845   -.02503    .26299    .00879    .26299    .00879    305.22
  2080    .13680   -.02392    .26472    .00881    .26472    .00881    302.19
  2081    .13518   -.02284    .26637    .00883    .26637    .00883    299.18
  2082    .13359   -.02178    .26793    .00886    .26793    .00886    296.20
  2083    .13203   -.02073    .26942    .00888    .26942    .00888    293.26
  2084    .13049   -.01971    .27084    .00891    .27084    .00891    290.34
  2085    .12898   -.01870    .27220    .00893    .27220    .00893    287.45
  2086    .12749   -.01771    .27349    .00895    .27349    .00895    284.59
  2087    .12602   -.01674    .27473    .00898    .27473    .00898    281.76
  2088    .12458   -.01579    .27592    .00900    .27592    .00900    278.95
  2089    .12316   -.01485    .27706    .00902    .27706    .00902    276.18
  2090    .12176   -.01392    .27815    .00905    .27815    .00905    273.43
  2091    .12038   -.01302    .27917    .00907    .27917    .00907    270.71
  2092    .11902   -.01213    .28014    .00909    .28014    .00909    268.02
  2093    .11768   -.01125    .28105    .00911    .28105    .00911    265.35
  2094    .11636   -.01039    .28190    .00913    .28190    .00913    262.71
  2095    .11506   -.00954    .28271    .00915    .28271    .00915    260.09
  2096    .11377   -.00871    .28347    .00917    .28347    .00917    257.51
  2097    .11251   -.00789    .28419    .00919    .28419    .00919    254.94
  2098    .11126   -.00708    .28487    .00921    .28487    .00921    252.41
  2099    .11003   -.00629    .28551    .00923    .28551    .00923    249.90
  2100    .10882   -.00551    .28611    .00925    .28611    .00925    247.41
  2101    .10762   -.00474    .27208    .00883    .28675    .00927    244.95
  2102    .10643   -.00398    .25921    .00847    .28741    .00928    242.51
  2103    .10527   -.00324    .24739    .00814    .28809    .00929    240.10
  2104    .10412   -.00249    .23650    .00786    .28880    .00930    237.71
  2105    .10299   -.00176    .22646    .00761    .28952    .00931    235.34
  2106    .10187   -.00104    .21718    .00738    .29026    .00932    233.00
  2107    .10077   -.00034    .20858    .00718    .29101    .00933    230.68
  2108    .09968    .00000    .20061    .00700    .29177    .00933    228.39
  2109    .09860    .00000    .19321    .00684    .29253    .00934    226.12
  2110    .09754    .00000    .18633    .00669    .29331    .00934    223.87
  2111    .09650    .00000    .17991    .00655    .29409    .00934    221.64
  2112    .09546    .00000    .17393    .00642    .29488    .00934    219.43
  2113    .09444    .00000    .16834    .00631    .29567    .00935    217.25
  2114    .09344    .00000    .16311    .00620    .29646    .00935    215.09
  2115    .09244    .00000    .15822    .00611    .29726    .00935    212.95
  2116    .09146    .00000    .15363    .00601    .29806    .00935    210.83
  2117    .09050    .00000    .14933    .00593    .29886    .00935    208.73
  2118    .08954    .00000    .14529    .00585    .29966    .00935    206.65
  2119    .08859    .00000    .14149    .00577    .30046    .00935    204.60
  2120    .08766    .00000    .13792    .00570    .30126    .00935    202.56
  2121    .08674    .00000    .13455    .00563    .30207    .00934    200.55
  2122    .08583    .00000    .13138    .00557    .30287    .00934    198.55
  2123    .08493    .00000    .12839    .00551    .30367    .00934    196.57
  2124    .08405    .00000    .12557    .00545    .30447    .00934    194.62
  2125    .08317    .00000    .12290    .00540    .30526    .00934    192.68
  2126    .08231    .00000    .12038    .00535    .30606    .00934    190.77
  2127    .08145    .00000    .11799    .00530    .30686    .00933    188.87
  2128    .08061    .00000    .11573    .00526    .30765    .00933    186.99
  2129    .07977    .00000    .11360    .00521    .30844    .00932    185.13
  2130    .07895    .00000    .11157    .00516    .30923    .00932    183.29
  2131    .07813    .00000    .10964    .00512    .31002    .00931    181.46
  2132    .07733    .00000    .10782    .00508    .31080    .00931    179.66
  2133    .07654    .00000    .10608    .00504    .31159    .00931    177.87
  2134    .07575    .00000    .10443    .00501    .31237    .00930    176.10
  2135    .07498    .00000    .10286    .00497    .31315    .00930    174.35
  2136    .07421    .00000    .10137    .00494    .31393    .00929    172.61
  2137    .07345    .00000    .09995    .00490    .31470    .00929    170.89
  2138    .07270    .00000    .09860    .00487    .31547    .00929    169.19
  2139    .07197    .00000    .09731    .00484    .31624    .00928    167.51
  2140    .07123    .00000    .09607    .00481    .31701    .00927    165.84
  2141    .07051    .00000    .09490    .00478    .31778    .00927    164.19
  2142    .06980    .00000    .09378    .00475    .31854    .00927    162.56
  2143    .06910    .00000    .09270    .00472    .31930    .00926    160.94
  2144    .06840    .00000    .09168    .00470    .32006    .00926    159.34
  2145    .06771    .00000    .09069    .00467    .32082    .00925    157.76
  2146    .06703    .00000    .08975    .00465    .32158    .00924    156.19
  2147    .06636    .00000    .08886    .00462    .32233    .00924    154.63
  2148    .06569    .00000    .08799    .00459    .32308    .00924    153.09
  2149    .06504    .00000    .08717    .00457    .32383    .00923    151.57
  2150    .06439    .00000    .08637    .00455    .32458    .00922    150.06
  2151    .06375    .00000    .08561    .00453    .32532    .00922    148.57
  2152    .06311    .00000    .08488    .00450    .32606    .00921    147.09
  2153    .06248    .00000    .08418    .00448    .32680    .00921    145.63
  2154    .06186    .00000    .08350    .00446    .32754    .00920    144.18
  2155    .06125    .00000    .08285    .00444    .32828    .00920    142.74
  2156    .06065    .00000    .08223    .00442    .32901    .00919    141.32
  2157    .06005    .00000    .08163    .00440    .32974    .00919    139.92
  2158    .05946    .00000    .08105    .00438    .33047    .00918    138.52
  2159    .05887    .00000    .08049    .00435    .33120    .00918    137.15
  2160    .05829    .00000    .07995    .00434    .33193    .00917    135.78
  2161    .05772    .00000    .07943    .00432    .33266    .00917    134.43
  2162    .05716    .00000    .07893    .00430    .33338    .00916    133.09
  2163    .05660    .00000    .07845    .00428    .33410    .00916    131.77
  2164    .05604    .00000    .07798    .00426    .33482    .00915    130.46
  2165    .05550    .00000    .07753    .00424    .33554    .00915    129.16
  2166    .05496    .00000    .07709    .00422    .33625    .00914    127.87
  2167    .05442    .00000    .07667    .00420    .33697    .00914    126.60
  2168    .05390    .00000    .07626    .00419    .33768    .00913    125.34
  2169    .05338    .00000    .07587    .00417    .33839    .00913    124.09
  2170    .05286    .00000    .07549    .00415    .33911    .00912    122.86
  2171    .05235    .00000    .07512    .00413    .33981    .00911    121.64
  2172    .05184    .00000    .07476    .00412    .34052    .00911    120.43
  2173    .05135    .00000    .07441    .00410    .34123    .00910    119.23
  2174    .05085    .00000    .07407    .00408    .34193    .00910    118.04
  2175    .05036    .00000    .07375    .00406    .34263    .00909    116.87
  2176    .04988    .00000    .07343    .00405    .34334    .00909    115.71
  2177    .04940    .00000    .07312    .00403    .34404    .00908    114.55
  2178    .04893    .00000    .07283    .00402    .34474    .00908    113.41
  2179    .04847    .00000    .07254    .00400    .34543    .00907    112.29
  2180    .04800    .00000    .07225    .00398    .34613    .00907    111.17
  2181    .04755    .00000    .07198    .00397    .34682    .00906    110.06
  2182    .04710    .00000    .07171    .00395    .34752    .00906    108.97
  2183    .04665    .00000    .07146    .00393    .34821    .00905    107.88
  2184    .04621    .00000    .07120    .00392    .34890    .00905    106.81
  2185    .04577    .00000    .07096    .00390    .34959    .00904    105.75
  2186    .04534    .00000    .07072    .00389    .35028    .00903    104.69
  2187    .04491    .00000    .07049    .00387    .35097    .00903    103.65
  2188    .04449    .00000    .07026    .00386    .35166    .00903    102.62
  2189    .04408    .00000    .07005    .00384    .35234    .00902    101.60
  2190    .04366    .00000    .06983    .00383    .35303    .00902    100.59
  2191    .04325    .00000    .06962    .00381    .35371    .00901     99.59
  2192    .04285    .00000    .06942    .00380    .35440    .00900     98.60
  2193    .04245    .00000    .06922    .00378    .35508    .00900     97.62
  2194    .04205    .00000    .06903    .00377    .35576    .00900     96.64
  2195    .04166    .00000    .06884    .00375    .35644    .00899     95.68
  2196    .04128    .00000    .06866    .00374    .35712    .00898     94.73
  2197    .04089    .00000    .06848    .00372    .35780    .00898     93.79
  2198    .04052    .00000    .06830    .00371    .35848    .00898     92.86
  2199    .04014    .00000    .06813    .00369    .35915    .00897     91.93
  2200    .03977    .00000    .06797    .00368    .35983    .00896     91.02
  2201    .03940    .00000    .06780    .00367    .36050    .00896     90.11
  2202    .03904    .00000    .06764    .00365    .36118    .00895     89.21
  2203    .03868    .00000    .06749    .00364    .36185    .00895     88.33
  2204    .03833    .00000    .06734    .00362    .36252    .00895     87.45
  2205    .03798    .00000    .06719    .00361    .36320    .00894     86.58
  2206    .03763    .00000    .06705    .00360    .36387    .00894     85.72
  2207    .03729    .00000    .06690    .00358    .36454    .00893     84.86
  2208    .03695    .00000    .06677    .00357    .36521    .00893     84.02
  2209    .03661    .00000    .06663    .00355    .36588    .00892     83.18
  2210    .03628    .00000    .06650    .00354    .36654    .00892     82.36
  2211    .03595    .00000    .06637    .00353    .36721    .00891     81.54
  2212    .03563    .00000    .06624    .00351    .36788    .00891     80.72
  2213    .03530    .00000    .06612    .00350    .36854    .00891     79.92
  2214    .03499    .00000    .06600    .00349    .36921    .00890     79.13
  2215    .03467    .00000    .06588    .00347    .36987    .00890     78.34
  2216    .03436    .00000    .06576    .00346    .37054    .00889     77.56
  2217    .03405    .00000    .06565    .00345    .37120    .00888     76.79
  2218    .03374    .00000    .06554    .00343    .37187    .00888     76.02
  2219    .03344    .00000    .06543    .00342    .37253    .00888     75.27
  2220    .03314    .00000    .06532    .00341    .37319    .00887     74.52
  2221    .03285    .00000    .06521    .00339    .37385    .00887     73.78
  2222    .03256    .00000    .06511    .00338    .37451    .00886     73.04
  2223    .03227    .00000    .06501    .00337    .37517    .00886     72.32
  2224    .03198    .00000    .06491    .00335    .37583    .00886     71.60
  2225    .03170    .00000    .06482    .00334    .37649    .00885     70.88
  2226    .03142    .00000    .06472    .00333    .37715    .00884     70.18
  2227    .03114    .00000    .06463    .00332    .37781    .00884     69.48
  2228    .03087    .00000    .06454    .00330    .37847    .00883     68.79
  2229    .03059    .00000    .06445    .00329    .37912    .00883     68.10
  2230    .03032    .00000    .06436    .00328    .37978    .00883     67.43
  2231    .03006    .00000    .06427    .00326    .38044    .00883     66.76
  2232    .02980    .00000    .06419    .00325    .38109    .00882     66.09
  2233    .02954    .00000    .06410    .00324    .38175    .00881     65.43
  2234    .02928    .00000    .06402    .00323    .38240    .00881     64.78
  2235    .02902    .00000    .06394    .00321    .38306    .00881     64.14
  2236    .02877    .00000    .06386    .00320    .38371    .00880     63.50
  2237    .02852    .00000    .06379    .00319    .38436    .00880     62.87
  2238    .02827    .00000    .06371    .00318    .38502    .00879     62.24
  2239    .02803    .00000    .06364    .00317    .38567    .00879     61.62
  2240    .02779    .00000    .06356    .00315    .38632    .00879     61.01
  2241    .02755    .00000    .06349    .00314    .38697    .00878     60.40
  2242    .02731    .00000    .06342    .00313    .38763    .00878     59.80
  2243    .02708    .00000    .06335    .00312    .38828    .00877     59.21
  2244    .02684    .00000    .06328    .00311    .38893    .00877     58.62
  2245    .02661    .00000    .06321    .00309    .38958    .00876     58.03
  2246    .02639    .00000    .06315    .00308    .39023    .00876     57.46
  2247    .02616    .00000    .06308    .00307    .39088    .00876     56.89
  2248    .02594    .00000    .06302    .00306    .39153    .00875     56.32
  2249    .02572    .00000    .06296    .00305    .39218    .00875     55.76
  2250    .02550    .00000    .06289    .00303    .39282    .00874     55.20
  2251    .02528    .00000    .06283    .00302    .39347    .00874     54.66
  2252    .02507    .00000    .06277    .00301    .39412    .00874     54.11
  2253    .02486    .00000    .06271    .00300    .39477    .00873     53.57
  2254    .02465    .00000    .06265    .00299    .39541    .00873     53.04
  2255    .02444    .00000    .06260    .00298    .39606    .00872     52.51
  2256    .02424    .00000    .06254    .00296    .39671    .00872     51.99
  2257    .02404    .00000    .06249    .00295    .39735    .00872     51.47
  2258    .02383    .00000    .06243    .00294    .39800    .00871     50.96
  2259    .02364    .00000    .06238    .00293    .39865    .00871     50.45
  2260    .02344    .00000    .06232    .00292    .39929    .00871     49.95
  2261    .02324    .00000    .06227    .00291    .39994    .00870     49.45
  2262    .02305    .00000    .06222    .00290    .40058    .00870     48.96
  2263    .02286    .00000    .06217    .00289    .40123    .00869     48.47
  2264    .02267    .00000    .06212    .00288    .40187    .00869     47.99
  2265    .02249    .00000    .06207    .00286    .40252    .00869     47.51
  2266    .02230    .00000    .06202    .00285    .40316    .00868     47.04
  2267    .02212    .00000    .06197    .00284    .40380    .00868     46.57
  2268    .02194    .00000    .06192    .00283    .40445    .00867     46.11
  2269    .02176    .00000    .06188    .00282    .40509    .00867     45.65
  2270    .02158    .00000    .06183    .00281    .40573    .00867     45.20
  2271    .02140    .00000    .06179    .00280    .40637    .00866     44.75
  2272    .02123    .00000    .06174    .00279    .40702    .00866     44.30
  2273    .02106    .00000    .06170    .00278    .40766    .00865     43.86
  2274    .02089    .00000    .06165    .00277    .40830    .00865     43.43
  2275    .02072    .00000    .06161    .00276    .40894    .00865     42.99
  2276    .02055    .00000    .06157    .00275    .40958    .00864     42.57
  2277    .02038    .00000    .06152    .00273    .41022    .00864     42.14
  2278    .02022    .00000    .06148    .00272    .41086    .00864     41.72
  2279    .02006    .00000    .06144    .00271    .41151    .00864     41.31
  2280    .01990    .00000    .06140    .00270    .41215    .00863     40.90
  2281    .01974    .00000    .06136    .00269    .41279    .00862     40.49
  2282    .01958    .00000    .06132    .00268    .41343    .00862     40.09
  2283    .01943    .00000    .06128    .00267    .41407    .00862     39.69
  2284    .01927    .00000    .06124    .00266    .41470    .00862     39.29
  2285    .01912    .00000    .06120    .00265    .41534    .00861     38.90
  2286    .01897    .00000    .06117    .00264    .41598    .00861     38.51
  2287    .01882    .00000    .06113    .00263    .41662    .00860     38.13
  2288    .01867    .00000    .06109    .00262    .41726    .00860     37.75
  2289    .01852    .00000    .06106    .00261    .41790    .00860     37.38
  2290    .01838    .00000    .06102    .00260    .41854    .00860     37.00
  2291    .01824    .00000    .06098    .00259    .41918    .00859     36.64
  2292    .01809    .00000    .06095    .00258    .41981    .00859     36.27
  2293    .01795    .00000    .06091    .00257    .42045    .00859     35.91
  2294    .01781    .00000    .06088    .00256    .42109    .00858     35.55
  2295    .01768    .00000    .06084    .00255    .42173    .00858     35.20
  2296    .01754    .00000    .06081    .00254    .42236    .00857     34.85
  2297    .01740    .00000    .06078    .00253    .42300    .00857     34.50
  2298    .01727    .00000    .06074    .00252    .42364    .00857     34.16
  2299    .01714    .00000    .06071    .00251    .42427    .00857     33.82
  2300    .01701    .00000    .06068    .00250    .42491    .00856     33.48
  2301    .01688    .00000    .06065    .00249    .42555    .00856     33.15
  2302    .01675    .00000    .06061    .00248    .42618    .00855     32.82
  2303    .01662    .00000    .06058    .00248    .42682    .00856     32.49
  2304    .01649    .00000    .06055    .00248    .42745    .00855     32.17
  2305    .01637    .00000    .06052    .00246    .42809    .00855     31.85
  2306    .01624    .00000    .06049    .00246    .42872    .00855     31.53
  2307    .01612    .00000    .06046    .00244    .42936    .00854     31.22
  2308    .01600    .00000    .06043    .00243    .43000    .00853     30.91
  2309    .01588    .00000    .06040    .00243    .43063    .00854     30.60
  2310    .01576    .00000    .06037    .00241    .43126    .00853     30.30
  2311    .01564    .00000    .06034    .00240    .43190    .00852     30.00
  2312    .01553    .00000    .06031    .00240    .43253    .00853     29.70
  2313    .01541    .00000    .06028    .00238    .43317    .00852     29.40
  2314    .01530    .00000    .06025    .00237    .43380    .00852     29.11
  2315    .01519    .00000    .06022    .00236    .43444    .00851     28.82
  2316    .01507    .00000    .06020    .00236    .43507    .00852     28.53
  2317    .01496    .00000    .06017    .00234    .43570    .00850     28.25
  2318    .01485    .00000    .06014    .00235    .43634    .00851     27.97
  2319    .01474    .00000    .06011    .00233    .43697    .00850     27.69
  2320    .01464    .00000    .06009    .00233    .43760    .00850     27.41
  2321    .01453    .00000    .06006    .00232    .43824    .00850     27.14
  2322    .01442    .00000    .06003    .00231    .43887    .00850     26.87
  2323    .01432    .00000    .06000    .00230    .43950    .00850     26.60
  2324    .01422    .00000    .05998    .00229    .44013    .00849     26.34
  2325    .01411    .00000    .05995    .00228    .44077    .00849     26.08
  2326    .01401    .00000    .05993    .00228    .44140    .00848     25.82
  2327    .01391    .00000    .05990    .00227    .44203    .00848     25.56
  2328    .01381    .00000    .05987    .00225    .44266    .00847     25.31
  2329    .01371    .00000    .05985    .00225    .44330    .00848     25.05
  2330    .01362    .00000    .05982    .00224    .44393    .00847     24.81
  2331    .01352    .00000    .05980    .00223    .44456    .00847     24.56
  2332    .01342    .00000    .05977    .00221    .44519    .00846     24.31
  2333    .01333    .00000    .05975    .00221    .44582    .00847     24.07
  2334    .01323    .00000    .05972    .00221    .44645    .00846     23.83
  2335    .01314    .00000    .05970    .00219    .44708    .00845     23.60
  2336    .01305    .00000    .05968    .00218    .44772    .00845     23.36
  2337    .01296    .00000    .05965    .00218    .44835    .00845     23.13
  2338    .01287    .00000    .05963    .00216    .44898    .00845     22.90
  2339    .01278    .00000    .05960    .00216    .44961    .00845     22.67
  2340    .01269    .00000    .05958    .00215    .45024    .00844     22.44
  2341    .01260    .00000    .05956    .00214    .45087    .00843     22.22
  2342    .01251    .00000    .05953    .00213    .45150    .00843     22.00
  2343    .01243    .00000    .05951    .00212    .45213    .00843     21.78
  2344    .01234    .00000    .05949    .00211    .45276    .00843     21.56
  2345    .01226    .00000    .05946    .00211    .45339    .00843     21.35
  2346    .01218    .00000    .05944    .00210    .45402    .00842     21.14
  2347    .01209    .00000    .05942    .00209    .45465    .00842     20.93
  2348    .01201    .00000    .05940    .00208    .45528    .00841     20.72
  2349    .01193    .00000    .05937    .00207    .45591    .00841     20.51
  2350    .01185    .00000    .05935    .00207    .45654    .00841     20.31
  2351    .01177    .00000    .05933    .00206    .45717    .00841     20.11
  2352    .01169    .00000    .05931    .00205    .45779    .00840     19.91
  2353    .01161    .00000    .05929    .00204    .45842    .00840     19.71
  2354    .01154    .00000    .05926    .00203    .45905    .00840     19.51
  2355    .01146    .00000    .05924    .00203    .45968    .00840     19.32
  2356    .01138    .00000    .05922    .00202    .46031    .00840     19.13
  2357    .01131    .00000    .05920    .00201    .46094    .00839     18.94
  2358    .01123    .00000    .05918    .00200    .46157    .00839     18.75
  2359    .01116    .00000    .05916    .00200    .46219    .00838     18.56
  2360    .01109    .00000    .05914    .00199    .46282    .00838     18.38
  2361    .01101    .00000    .05912    .00198    .46345    .00838     18.19
  2362    .01094    .00000    .05910    .00197    .46408    .00838     18.01
  2363    .01087    .00000    .05907    .00196    .46471    .00838     17.83
  2364    .01080    .00000    .05905    .00196    .46533    .00837     17.66
  2365    .01073    .00000    .05903    .00195    .46596    .00837     17.48
  2366    .01066    .00000    .05901    .00194    .46659    .00837     17.31
  2367    .01059    .00000    .05899    .00193    .46722    .00836     17.13
  2368    .01053    .00000    .05897    .00193    .46784    .00836     16.96
  2369    .01046    .00000    .05895    .00192    .46847    .00836     16.79
  2370    .01039    .00000    .05893    .00191    .46910    .00836     16.63
  2371    .01033    .00000    .05891    .00191    .46972    .00836     16.46
  2372    .01026    .00000    .05889    .00190    .47035    .00835     16.30
  2373    .01020    .00000    .05887    .00189    .47098    .00835     16.14
  2374    .01013    .00000    .05885    .00188    .47160    .00835     15.98
  2375    .01007    .00000    .05883    .00188    .47223    .00835     15.82
  2376    .01001    .00000    .05881    .00187    .47286    .00834     15.66
  2377    .00995    .00000    .05879    .00186    .47348    .00834     15.50
  2378    .00988    .00000    .05878    .00185    .47411    .00834     15.35
  2379    .00982    .00000    .05876    .00185    .47474    .00833     15.20
  2380    .00976    .00000    .05874    .00184    .47536    .00833     15.04
  2381    .00970    .00000    .05872    .00183    .47599    .00833     14.90
  2382    .00964    .00000    .05870    .00183    .47661    .00833     14.75
  2383    .00958    .00000    .05868    .00182    .47724    .00833     14.60
  2384    .00953    .00000    .05866    .00181    .47786    .00832     14.46
  2385    .00947    .00000    .05864    .00181    .47849    .00832     14.31
  2386    .00941    .00000    .05862    .00180    .47911    .00832     14.17
  2387    .00935    .00000    .05860    .00179    .47974    .00831     14.03
  2388    .00930    .00000    .05859    .00178    .48037    .00831     13.89
  2389    .00924    .00000    .05857    .00178    .48099    .00831     13.75
  2390    .00919    .00000    .05855    .00177    .48162    .00831     13.61
  2391    .00913    .00000    .05853    .00176    .48224    .00831     13.48
  2392    .00908    .00000    .05851    .00176    .48286    .00831     13.34
  2393    .00903    .00000    .05849    .00175    .48349    .00830     13.21
  2394    .00897    .00000    .05848    .00174    .48411    .00830     13.08
  2395    .00892    .00000    .05846    .00174    .48474    .00829     12.95
  2396    .00887    .00000    .05844    .00173    .48536    .00829     12.82
  2397    .00882    .00000    .05842    .00172    .48599    .00829     12.69
  2398    .00877    .00000    .05840    .00172    .48661    .00829     12.57
  2399    .00872    .00000    .05839    .00171    .48723    .00829     12.44
  2400    .00867    .00000    .05837    .00170    .48786    .00828     12.32

                              QKYOTO              QKYOTO
                                  A1                  A1

"Other halocarbons" (OTHERCON above) include methyl chloroform, HCFC-22, HCFC-123, HCFC-141b, HCFC-142b, HFC-23, HFC-32, HFC-43-10mee.
(Wigley et al. 2002)

These are all small contributors that were not added explicitly into the MAGICC input files, but instead read-in exogenously in this file.
