1 
2 
3 
4 
5 
6 
7 
8 
9 
10 
11 
12 
13 
14 
15 
16 
17 
18 
19 
20 
21 
22 
23 
24 
25 
26 
27 
28 
29 
30 
31 
32 
33 
34 
35 
36 
37 
38 
39 
40 
41 
42 
43 
44 
45 
46 
47 
48 
49 
50 
51 
52 
53 
54 
55 
56 
57 
58 
59 
60 
61 
62 
63 
64 
65 
66 
67 
68 
69 
70 
71 
72 
73 
74 
75 
76 
77 
78 
79 
80 
81 
82 
83 
84 
85 
86 
87 
88 
89 
90 
91 
92 
93 
94 
95 
96 
97 
98 
99 
100 
101 
102 
103 
104 
105 
106 
107 
108 
109 
110 
111 
112 
113 
114 
115 
116 
117 
118 
119 
120 
121 
122 
123 
124 
125 
126 
127 
128 
129 
130 
131 
132 
133 
134 
135 
136 
137 
138 
139 
140 
141 
142 
143 
144 
145 
146 
147 
148 
149 
150 
151 
152 
153 
154 
155 
156 
157 
158 
159 
160 
161 
162 
163 
164 
165 
166 
167 
168 
169 
170 
171 
172 
173 
174 
175 
176 
177 
178 
179 
180 
181 
182 
183 
184 
185 
186 
187 
188 
189 
190 
191 
192 
193 
194 
195 
196 
197 
198 
199 
200 
201 
202 
203 
204 
205 
206 
207 
208 
209 
210 
211 
212 
213 
214 
215 
216 
217 
218 
219 
220 
221 
222 
223 
224 
225 
226 
227 
228 
229 
230 
231 
232 
233 
234 
235 
236 
237 
238 
239 
240 
241 
242 
243 
244 
245 
246 
247 
248 
249 
250 
251 
252 
253 
254 
255 
256 
258 
259 
260 
261 
262 
264 
265 
266 
267 
268 
270 
272 
273 
274 
275 
276 
278 
279 
280 
282 
284 
285 
286 
287 
288 
289 
290 
291 
292 
294 
295 
296 
297 
298 
299 
300 
301 
302 
303 
304 
305 
306 
308 
309 
310 
312 
314 
315 
316 
318 
319 
320 
321 
322 
323 
324 
325 
326 
327 
328 
329 
330 
332 
333 
334 
335 
336 
338 
339 
340 
341 
342 
343 
344 
345 
346 
348 
350 
351 
352 
354 
355 
356 
357 
358 
360 
361 
362 
363 
364 
365 
366 
368 
369 
370 
371 
372 
374 
375 
376 
377 
378 
380 
381 
382 
384 
385 
386 
387 
388 
390 
391 
392 
393 
394 
395 
396 
398 
399 
400 
402 
403 
404 
405 
406 
407 
408 
410 
411 
412 
413 
414 
415 
416 
417 
418 
420 
422 
423 
424 
425 
426 
427 
428 
429 
430 
432 
434 
435 
436 
437 
438 
440 
441 
442 
444 
445 
446 
447 
448 
450 
451 
452 
453 
454 
455 
456 
458 
459 
460 
462 
464 
465 
466 
468 
469 
470 
471 
472 
473 
474 
475 
476 
477 
478 
480 
481 
482 
483 
484 
485 
486 
488 
489 
490 
492 
493 
494 
495 
496 
497 
498 
500 
501 
502 
504 
505 
506 
507 
508 
510 
511 
512 
513 
515 
516 
517 
518 
519 
520 
522 
524 
525 
527 
528 
529 
530 
531 
532 
533 
534 
535 
536 
537 
539 
540 
543 
544 
545 
546 
548 
549 
550 
551 
552 
553 
555 
556 
558 
559 
560 
561 
564 
565 
567 
568 
570 
572 
573 
574 
575 
576 
578 
579 
580 
581 
582 
583 
584 
585 
588 
589 
590 
591 
592 
594 
595 
596 
597 
598 
600 
602 
603 
604 
605 
606 
608 
609 
610 
611 
612 
615 
616 
618 
620 
621 
623 
624 
625 
627 
628 
629 
630 
632 
633 
635 
636 
637 
638 
639 
640 
642 
644 
645 
646 
648 
649 
650 
651 
652 
654 
655 
656 
657 
658 
660 
663 
664 
665 
666 
667 
668 
669 
670 
671 
672 
675 
676 
678 
679 
680 
681 
682 
684 
685 
686 
687 
688 
689 
690 
692 
693 
695 
696 
697 
699 
700 
702 
703 
704 
705 
707 
708 
710 
711 
712 
713 
714 
715 
716 
717 
720 
721 
722 
723 
724 
725 
726 
728 
729 
730 
731 
732 
735 
736 
737 
738 
740 
741 
742 
744 
745 
747 
748 
749 
750 
752 
753 
754 
755 
756 
759 
760 
762 
763 
764 
765 
767 
768 
770 
772 
774 
775 
776 
777 
779 
780 
781 
782 
783 
784 
785 
786 
788 
790 
791 
792 
793 
795 
796 
798 
799 
800 
801 
803 
804 
805 
806 
808 
810 
812 
814 
815 
816 
817 
819 
820 
822 
824 
825 
826 
828 
830 
832 
833 
834 
835 
836 
837 
840 
844 
845 
846 
847 
848 
850 
851 
852 
854 
855 
856 
858 
860 
861 
864 
865 
867 
868 
869 
870 
871 
872 
873 
874 
875 
876 
880 
882 
884 
885 
888 
889 
890 
891 
892 
893 
894 
895 
896 
897 
900 
901 
902 
903 
904 
905 
906 
908 
909 
910 
912 
913 
915 
916 
917 
918 
920 
923 
924 
925 
927 
928 
930 
931 
932 
935 
936 
938 
940 
942 
943 
944 
945 
946 
948 
949 
950 
952 
954 
955 
956 
957 
959 
960 
962 
963 
964 
965 
966 
968 
969 
970 
972 
973 
975 
976 
978 
979 
980 
981 
984 
985 
986 
987 
988 
989 
990 
992 
994 
995 
996 
999 
1000 
1001 
1002 
1003 
1004 
1005 
1007 
1008 
1010 
1012 
1014 
1015 
1016 
1017 
1020 
1022 
1023 
1024 
1025 
1026 
1027 
1029 
1030 
1032 
1034 
1035 
1036 
1037 
1038 
1040 
1043 
1044 
1045 
1048 
1050 
1053 
1054 
1055 
1056 
1057 
1058 
1060 
1062 
1064 
1065 
1066 
1067 
1068 
1070 
1071 
1072 
1074 
1075 
1078 
1079 
1080 
1081 
1083 
1085 
1086 
1088 
1089 
1090 
1092 
1095 
1096 
1098 
1099 
1100 
1102 
1104 
1105 
1106 
1107 
1110 
1111 
1112 
1113 
1115 
1116 
1118 
1120 
1121 
1122 
1125 
1127 
1128 
1130 
1131 
1133 
1134 
1135 
1136 
1139 
1140 
1141 
1143 
1144 
1145 
1146 
1148 
1150 
1152 
1155 
1156 
1157 
1158 
1159 
1160 
1161 
1162 
1164 
1165 
1166 
1168 
1169 
1170 
1173 
1175 
1176 
1177 
1178 
1179 
1180 
1182 
1183 
1184 
1185 
1188 
1190 
1192 
1194 
1195 
1196 
1197 
1199 
1200 
1204 
1205 
1206 
1207 
1208 
1209 
1210 
1211 
1212 
1215 
1216 
1218 
1219 
1220 
1221 
1222 
1224 
1225 
1230 
1232 
1233 
1235 
1236 
1239 
1240 
1241 
1242 
1243 
1245 
1246 
1248 
1250 
1251 
1253 
1254 
1255 
1256 
1258 
1260 
1261 
1264 
1265 
1266 
1267 
1269 
1270 
1272 
1273 
1274 
1275 
1276 
1278 
1280 
1281 
1284 
1287 
1288 
1290 
1292 
1295 
1296 
1298 
1300 
1302 
1304 
1305 
1308 
1309 
1310 
1311 
1312 
1313 
1314 
1316 
1320 
1323 
1325 
1326 
1328 
1330 
1331 
1332 
1334 
1335 
1336 
1337 
1338 
1339 
1340 
1341 
1342 
1343 
1344 
1349 
1350 
1351 
1352 
1353 
1356 
1357 
1358 
1359 
1360 
1362 
1364 
1365 
1368 
1370 
1372 
1374 
1375 
1376 
1377 
1378 
1379 
1380 
1384 
1386 
1387 
1390 
1391 
1392 
1393 
1394 
1395 
1397 
1398 
1400 
1403 
1404 
1406 
1407 
1408 
1410 
1411 
1413 
1414 
1416 
1417 
1419 
1420 
1421 
1422 
1424 
1425 
1426 
1428 
1430 
1431 
1432 
1434 
1435 
1440 
1441 
1442 
1443 
1444 
1445 
1446 
1448 
1449 
1450 
1452 
1455 
1456 
1458 
1460 
1462 
1463 
1464 
1467 
1469 
1470 
1472 
1474 
1475 
1476 
1477 
1479 
1480 
1482 
1484 
1485 
1488 
1490 
1491 
1494 
1495 
1496 
1498 
1500 
1501 
1503 
1504 
1505 
1506 
1507 
1508 
1510 
1512 
1513 
1515 
1518 
1519 
1520 
1521 
1524 
1525 
1526 
1528 
1529 
1530 
1533 
1534 
1536 
1539 
1540 
1541 
1544 
1545 
1547 
1548 
1550 
1551 
1552 
1554 
1557 
1558 
1560 
1561 
1562 
1564 
1566 
1568 
1570 
1572 
1573 
1575 
1576 
1577 
1580 
1581 
1582 
1584 
1586 
1587 
1589 
1590 
1592 
1593 
1595 
1596 
1598 
1599 
1600 
1602 
1603 
1605 
1606 
1608 
1610 
1611 
1612 
1615 
1616 
1617 
1620 
1624 
1625 
1628 
1629 
1630 
1631 
1632 
1633 
1634 
1635 
1638 
1639 
1640 
1644 
1645 
1647 
1648 
1649 
1650 
1651 
1652 
1653 
1656 
1659 
1660 
1661 
1664 
1665 
1666 
1668 
1670 
1672 
1673 
1674 
1675 
1677 
1679 
1680 
1683 
1687 
1688 
1690 
1691 
1692 
1694 
1695 
1696 
1700 
1701 
1702 
1703 
1704 
1705 
1708 
1710 
1712 
1715 
1716 
1717 
1719 
1720 
1722 
1725 
1727 
1728 
1729 
1730 
1734 
1736 
1737 
1738 
1740 
1742 
1743 
1744 
1746 
1748 
1749 
1750 
1751 
1752 
1755 
1757 
1760 
1764 
1767 
1768 
1770 
1771 
1773 
1775 
1776 
1778 
1780 
1781 
1782 
1784 
1785 
1786 
1788 
1790 
1791 
1792 
1793 
1794 
1800 
1802 
1804 
1805 
1806 
1807 
1808 
1809 
1810 
1812 
1815 
1816 
1817 
1818 
1819 
1820 
1824 
1825 
1826 
1827 
1830 
1832 
1833 
1834 
1836 
1837 
1840 
1843 
1845 
1846 
1848 
1850 
1853 
1854 
1856 
1859 
1860 
1862 
1863 
1864 
1869 
1870 
1872 
1875 
1876 
1880 
1881 
1884 
1885 
1886 
1887 
1888 
1890 
1892 
1896 
1898 
1899 
1900 
1903 
1904 
1905 
1908 
1909 
1910 
1911 
1912 
1914 
1917 
1918 
1919 
1920 
1921 
1924 
1925 
1926 
1928 
1930 
1932 
1935 
1936 
1937 
1938 
1940 
1944 
1946 
1947 
1950 
1952 
1953 
1955 
1956 
1957 
1958 
1960 
1962 
1963 
1965 
1968 
1969 
1970 
1971 
1972 
1974 
1975 
1976 
1978 
1980 
1984 
1988 
1989 
1990 
1991 
1992 
1995 
1998 
2000 
2001 
2002 
2004 
2006 
2007 
2008 
2010 
2013 
2014 
2015 
2016 
2020 
2023 
2024 
2025 
2028 
2030 
2032 
2033 
2034 
2035 
2037 
2040 
2041 
2043 
2044 
2046 
2047 
2048 
2050 
2052 
2054 
2055 
2057 
2058 
2060 
2061 
2064 
2067 
2068 
2070 
2071 
2072 
2074 
2075 
2076 
2079 
2080 
2085 
2086 
2088 
2090 
2091 
2093 
2096 
2097 
2100 
2101 
2106 
2108 
2109 
2110 
2112 
2114 
2115 
2116 
2119 
2120 
2121 
2123 
2124 
2125 
2128 
2130 
2132 
2133 
2134 
2136 
2139 
2140 
2142 
2144 
2145 
2147 
2148 
2150 
2151 
2156 
2158 
2159 
2160 
2162 
2163 
2166 
2167 
2169 
2170 
2171 
2172 
2175 
2176 
2178 
2180 
2184 
2185 
2187 
2189 
2190 
2192 
2193 
2196 
2197 
2198 
2200 
2204 
2205 
2208 
2210 
2211 
2212 
2214 
2220 
2222 
2223 
2224 
2225 
2226 
2227 
2230 
2231 
2232 
2233 
2235 
2236 
2240 
2241 
2242 
2244 
2247 
2249 
2250 
2254 
2255 
2256 
2259 
2260 
2261 
2262 
2265 
2266 
2268 
2270 
2272 
2275 
2277 
2278 
2280 
2282 
2286 
2288 
2289 
2290 
2292 
2295 
2296 
2299 
2300 
2301 
2304 
2310 
2312 
2314 
2316 
2318 
2320 
2321 
2322 
2323 
2324 
2325 
2327 
2328 
2329 
2330 
2331 
2332 
2336 
2337 
2338 
2340 
2343 
2346 
2350 
2352 
2353 
2354 
2355 
2356 
2358 
2360 
2363 
2364 
2365 
2366 
2368 
2369 
2370 
2373 
2375 
2376 
2379 
2380 
2384 
2385 
2387 
2388 
2390 
2392 
2394 
2397 
2398 
2400 
2405 
2408 
2409 
2410 
2412 
2413 
2414 
2415 
2416 
2418 
2420 
2422 
2424 
2425 
2430 
2431 
2432 
2436 
2438 
2440 
2442 
2444 
2445 
2448 
2450 
2451 
2453 
2457 
2460 
2461 
2464 
2465 
2466 
2470 
2472 
2475 
2478 
2480 
2482 
2483 
2484 
2486 
2489 
2490 
2492 
2496 
2497 
2499 
2500 
2502 
2505 
2506 
2507 
2508 
2509 
2510 
2512 
2516 
2519 
2520 
2522 
2525 
2527 
2528 
2530 
2532 
2533 
2534 
2535 
2538 
2540 
2541 
2544 
2546 
2548 
2550 
2552 
2553 
2556 
2560 
2561 
2562 
2563 
2565 
2567 
2568 
2574 
2575 
2576 
2580 
2583 
2584 
2585 
2587 
2590 
2592 
2595 
2596 
2599 
2600 
2601 
2603 
2604 
2607 
2608 
2610 
2613 
2616 
2618 
2620 
2622 
2624 
2625 
2626 
2628 
2629 
2632 
2635 
2639 
2640 
2641 
2645 
2646 
2650 
2651 
2652 
2655 
2656 
2660 
2662 
2664 
2665 
2667 
2668 
2669 
2670 
2672 
2673 
2674 
2675 
2676 
2678 
2679 
2680 
2682 
2684 
2685 
2686 
2688 
2691 
2695 
2698 
2700 
2702 
2703 
2704 
2706 
2709 
2712 
2714 
2715 
2716 
2717 
2718 
2720 
2724 
2725 
2728 
2730 
2736 
2737 
2739 
2740 
2743 
2744 
2745 
2748 
2750 
2751 
2752 
2754 
2755 
2756 
2758 
2760 
2761 
2768 
2769 
2771 
2772 
2774 
2775 
2780 
2782 
2783 
2784 
2786 
2788 
2790 
2793 
2794 
2795 
2796 
2800 
2805 
2806 
2808 
2812 
2814 
2816 
2820 
2821 
2822 
2825 
2826 
2828 
2829 
2831 
2832 
2834 
2835 
2838 
2839 
2840 
2842 
2844 
2847 
2848 
2850 
2852 
2856 
2860 
2862 
2864 
2865 
2868 
2869 
2870 
2873 
2875 
2877 
2880 
2882 
2884 
2886 
2888 
2890 
2892 
2895 
2896 
2898 
2899 
2900 
2904 
2907 
2910 
2912 
2916 
2919 
2920 
2921 
2924 
2925 
2926 
2928 
2934 
2938 
2940 
2941 
2944 
2945 
2948 
2950 
2951 
2952 
2954 
2955 
2958 
2960 
2961 
2964 
2967 
2968 
2970 
2975 
2976 
2977 
2980 
2982 
2983 
2985 
2988 
2990 
2992 
2996 
3000 
3002 
3003 
3006 
3008 
3009 
3010 
3012 
3013 
3014 
3015 
3016 
3020 
3021 
3024 
3025 
3026 
3029 
3030 
3036 
3038 
3040 
3042 
3043 
3045 
3048 
3050 
3052 
3055 
3056 
3058 
3059 
3060 
3066 
3068 
3072 
3075 
3077 
3078 
3080 
3081 
3082 
3087 
3088 
3090 
3094 
3096 
3097 
3100 
3102 
3104 
3105 
3107 
3108 
3111 
3114 
3116 
3120 
3122 
3124 
3125 
3128 
3129 
3132 
3133 
3135 
3136 
3140 
3144 
3145 
3146 
3150 
3151 
3152 
3154 
3159 
3160 
3162 
3164 
3165 
3168 
3171 
3172 
3173 
3174 
3175 
3178 
3179 
3180 
3184 
3185 
3186 
3190 
3192 
3195 
3196 
3197 
3198 
3200 
3204 
3206 
3210 
3211 
3212 
3213 
3216 
3220 
3222 
3224 
3225 
3230 
3232 
3234 
3237 
3240 
3243 
3247 
3248 
3249 
3250 
3255 
3256 
3258 
3260 
3262 
3263 
3264 
3266 
3268 
3270 
3275 
3276 
3278 
3280 
3281 
3285 
3287 
3288 
3289 
3290 
3294 
3296 
3297 
3298 
3300 
3302 
3304 
3306 
3312 
3315 
3318 
3320 
3322 
3325 
3328 
3330 
3332 
3335 
3336 
3339 
3340 
3344 
3345 
3346 
3348 
3349 
3350 
3354 
3358 
3360 
3363 
3366 
3374 
3375 
3376 
3380 
3381 
3382 
3383 
3384 
3388 
3390 
3392 
3400 
3401 
3402 
3404 
3405 
3406 
3408 
3410 
3416 
3417 
3420 
3423 
3424 
3425 
3427 
3430 
3432 
3434 
3435 
3438 
3439 
3440 
3444 
3450 
3451 
3454 
3456 
3458 
3460 
3465 
3468 
3472 
3473 
3474 
3475 
3476 
3477 
3480 
3484 
3485 
3486 
3488 
3492 
3495 
3496 
3498 
3500 
3502 
3504 
3507 
3510 
3514 
3515 
3519 
3520 
3525 
3528 
3534 
3536 
3540 
3542 
3546 
3549 
3550 
3552 
3553 
3555 
3556 
3560 
3562 
3564 
3565 
3568 
3570 
3572 
3575 
3576 
3580 
3582 
3584 
3585 
3586 
3587 
3588 
3591 
3600 
3604 
3608 
3610 
3611 
3612 
3614 
3615 
3616 
3618 
3620 
3621 
3624 
3625 
3629 
3630 
3632 
3633 
3634 
3636 
3638 
3640 
3645 
3648 
3650 
3652 
3654 
3655 
3657 
3660 
3664 
3666 
3667 
3672 
3674 
3675 
3680 
3686 
3689 
3690 
3692 
3696 
3700 
3703 
3705 
3706 
3708 
3712 
3717 
3718 
3720 
3723 
3724 
3725 
3726 
3728 
3735 
3738 
3740 
3743 
3744 
3749 
3750 
3757 
3759 
3760 
3762 
3765 
3768 
3770 
3772 
3774 
3775 
3776 
3780 
3781 
3784 
3791 
3792 
3795 
3796 
3798 
3800 
3801 
3806 
3808 
3810 
3816 
3818 
3819 
3820 
3822 
3824 
3825 
3828 
3834 
3838 
3840 
3841 
3842 
3843 
3848 
3850 
3852 
3856 
3857 
3859 
3860 
3864 
3870 
3872 
3874 
3875 
3876 
3880 
3885 
3887 
3888 
3893 
3894 
3895 
3900 
3904 
3906 
3910 
3912 
3914 
3916 
3920 
3924 
3925 
3926 
3927 
3933 
3936 
3938 
3940 
3942 
3944 
3948 
3950 
3952 
3956 
3960 
3961 
3968 
3969 
3971 
3975 
3978 
3979 
3980 
3982 
3984 
3990 
3995 
3996 
4000 
4002 
4004 
4008 
4009 
4011 
4012 
4014 
4016 
4020 
4025 
4026 
4028 
4029 
4030 
4032 
4040 
4046 
4047 
4048 
4050 
4053 
4056 
4060 
4063 
4064 
4066 
4068 
4070 
4071 
4074 
4075 
4080 
4082 
4085 
4086 
4092 
4094 
4095 
4096 
4097 
4100 
4104 
4108 
4114 
4116 
4117 
4120 
4122 
4123 
4125 
4128 
4131 
4134 
4136 
4137 
4140 
4142 
4148 
4150 
4152 
4158 
4160 
4161 
4163 
4165 
4175 
4176 
4179 
4180 
4182 
4186 
4194 
4199 
4200 
4202 
4209 
4212 
4216 
4218 
4220 
4221 
4224 
4225 
4230 
4232 
4233 
4237 
4238 
4240 
4242 
4246 
4248 
4250 
4255 
4256 
4260 
4263 
4264 
4266 
4267 
4268 
4272 
4275 
4278 
4280 
4284 
4290 
4294 
4296 
4300 
4301 
4302 
4305 
4312 
4313 
4316 
4318 
4320 
4324 
4325 
4326 
4332 
4334 
4335 
4338 
4340 
4342 
4344 
4347 
4350 
4351 
4352 
4356 
4360 
4368 
4370 
4374 
4375 
4378 
4380 
4389 
4392 
4393 
4394 
4400 
4408 
4410 
4416 
4420 
4422 
4425 
4427 
4428 
4431 
4439 
4440 
4444 
4446 
4450 
4452 
4460 
4462 
4464 
4465 
4466 
4472 
4473 
4475 
4480 
4482 
4484 
4485 
4488 
4494 
4498 
4500 
4503 
4508 
4510 
4512 
4515 
4518 
4520 
4522 
4524 
4525 
4531 
4532 
4536 
4540 
4541 
4550 
4554 
4557 
4560 
4572 
4575 
4576 
4577 
4578 
4579 
4580 
4584 
4590 
4598 
4599 
4600 
4602 
4608 
4617 
4620 
4623 
4625 
4628 
4632 
4636 
4640 
4641 
4642 
4646 
4650 
4654 
4655 
4656 
4660 
4662 
4664 
4669 
4674 
4675 
4680 
4683 
4686 
4692 
4693 
4700 
4704 
4706 
4708 
4712 
4715 
4720 
4725 
4728 
4730 
4731 
4732 
4738 
4740 
4746 
4750 
4752 
4758 
4760 
4761 
4767 
4769 
4774 
4775 
4776 
4780 
4784 
4788 
4796 
4800 
4807 
4809 
4810 
4818 
4820 
4824 
4825 
4826 
4830 
4836 
4840 
4845 
4848 
4850 
4851 
4853 
4860 
4862 
4864 
4872 
4875 
4876 
4880 
4884 
4888 
4893 
4896 
4899 
4900 
4906 
4914 
4920 
4922 
4925 
4928 
4935 
4940 
4944 
4945 
4950 
4956 
4960 
4966 
4968 
4972 
4975 
4977 
4980 
4991 
4992 
4994 
4998 
5000 
5014 
5016 
5018 
5019 
5020 
5025 
5037 
5038 
5040 
5044 
5050 
5060 
5061 
5064 
5070 
5075 
5080 
5082 
5083 
5088 
5096 
5100 
5103 
5104 
5106 
5112 
5120 
5122 
5124 
5125 
5126 
5129 
5136 
5145 
5148 
5150 
5152 
5160 
5166 
5170 
5174 
5175 
5184 
5187 
5192 
5198 
5200 
5208 
5214 
5221 
5225 
5226 
5229 
5232 
5236 
5244 
5250 
5252 
5256 
5258 
5267 
5271 
5275 
5278 
5280 
5290 
5292 
5300 
5302 
5304 
5313 
5324 
5325 
5328 
5330 
5334 
5336 
5346 
5350 
5352 
5355 
5356 
5359 
5368 
5375 
5376 
5382 
5390 
5400 
5405 
5408 
5412 
5424 
5425 
5428 
5434 
5448 
5450 
5451 
5456 
5460 
5472 
5474 
5475 
5478 
5486 
5496 
5497 
5500 
5512 
5520 
5522 
5525 
5538 
5543 
5544 
5550 
5564 
5566 
5568 
5575 
5588 
5589 
5590 
5592 
5600 
5610 
5612 
5616 
5625 
5632 
5635 
5640 
5642 
5650 
5658 
5664 
5668 
5675 
5681 
5688 
5694 
5700 
5704 
5712 
5720 
5725 
5727 
5736 
5746 
5750 
5760 
5772 
5773 
5775 
5784 
5796 
5798 
5800 
5808 
5819 
5824 
5825 
5832 
5842 
5850 
5856 
5865 
5875 
5876 
5880 
5888 
5900 
5902 
5904 
5925 
5928 
5950 
5952 
5954 
5975 
5976 
5980 
6000 
6006 
6024 
6025 
6032 
6048 
6050 
6058 
6072 
6075 
6084 
6096 
6100 
6110 
6120 
6125 
6136 
6144 
6150 
6162 
6175 
6188 
6200 
6214 
6225 
6240 
6250 
6266 
6275 
6292 
6300 
6318 
6325 
6344 
6350 
6370 
6375 
6396 
6400 
6422 
6448 
6474 
6500 
6526 
6552 
6578 
6604 
6630 
6656 
