1 
2 
3 
4 
5 
6 
7 
8 
9 
10 
11 
12 
13 
14 
15 
16 
17 
18 
19 
20 
21 
22 
23 
24 
25 
26 
27 
28 
29 
30 
31 
32 
33 
34 
35 
36 
37 
38 
39 
40 
41 
42 
43 
44 
45 
46 
47 
48 
49 
50 
51 
52 
53 
54 
55 
56 
57 
58 
59 
60 
61 
62 
63 
64 
65 
66 
68 
69 
70 
72 
74 
75 
76 
77 
78 
80 
81 
82 
84 
85 
86 
87 
88 
90 
91 
92 
93 
94 
95 
96 
98 
99 
100 
102 
104 
105 
106 
108 
110 
111 
112 
114 
115 
116 
117 
118 
119 
120 
121 
122 
123 
124 
125 
126 
128 
129 
130 
132 
133 
135 
136 
138 
140 
141 
143 
144 
145 
147 
148 
150 
152 
153 
154 
155 
156 
159 
160 
161 
162 
164 
165 
168 
169 
170 
171 
172 
174 
175 
176 
177 
180 
182 
183 
184 
185 
186 
187 
188 
189 
190 
192 
195 
196 
198 
200 
203 
204 
205 
207 
208 
209 
210 
212 
215 
216 
217 
220 
221 
222 
224 
225 
228 
230 
231 
232 
234 
235 
236 
238 
240 
242 
243 
244 
245 
246 
247 
248 
250 
252 
253 
255 
256 
258 
259 
260 
261 
264 
265 
266 
270 
272 
273 
275 
276 
279 
280 
282 
285 
286 
287 
288 
289 
290 
294 
295 
296 
297 
299 
300 
301 
304 
305 
306 
308 
310 
312 
315 
318 
319 
320 
322 
323 
324 
325 
328 
329 
330 
333 
336 
338 
340 
341 
342 
343 
344 
345 
348 
350 
351 
352 
354 
357 
360 
361 
363 
364 
366 
368 
369 
370 
371 
372 
374 
375 
376 
377 
378 
380 
384 
385 
387 
390 
391 
392 
396 
399 
400 
403 
405 
406 
407 
408 
410 
413 
414 
416 
418 
420 
423 
424 
425 
427 
429 
430 
432 
434 
435 
437 
440 
441 
442 
444 
448 
450 
451 
455 
456 
459 
460 
462 
464 
465 
468 
470 
472 
473 
475 
476 
477 
480 
481 
483 
484 
486 
488 
490 
492 
493 
494 
495 
496 
500 
504 
506 
507 
510 
512 
513 
516 
517 
518 
520 
522 
525 
527 
528 
529 
530 
531 
532 
533 
539 
540 
544 
546 
549 
550 
551 
552 
555 
558 
559 
560 
561 
564 
567 
570 
572 
574 
575 
576 
578 
580 
583 
585 
588 
589 
590 
592 
594 
595 
598 
600 
602 
605 
608 
609 
610 
611 
612 
615 
616 
620 
621 
624 
625 
627 
629 
630 
636 
637 
638 
640 
644 
645 
646 
648 
649 
650 
651 
656 
658 
660 
663 
665 
666 
667 
671 
672 
675 
676 
680 
682 
684 
686 
688 
689 
690 
693 
696 
697 
700 
702 
703 
704 
705 
708 
713 
714 
715 
720 
722 
725 
726 
728 
731 
732 
735 
736 
738 
740 
741 
742 
744 
748 
750 
752 
754 
756 
759 
760 
765 
767 
768 
770 
774 
775 
777 
779 
780 
782 
784 
792 
793 
795 
798 
799 
800 
805 
806 
810 
812 
814 
816 
817 
819 
820 
825 
826 
828 
832 
833 
836 
840 
846 
848 
850 
851 
854 
855 
858 
860 
861 
864 
867 
868 
870 
874 
875 
880 
882 
884 
885 
888 
893 
896 
897 
900 
901 
902 
903 
910 
912 
915 
918 
920 
924 
925 
928 
930 
931 
935 
936 
940 
943 
944 
945 
946 
950 
952 
954 
960 
962 
966 
968 
969 
972 
975 
976 
980 
984 
986 
987 
988 
989 
990 
992 
1000 
1003 
1007 
1008 
1012 
1014 
1020 
1024 
1025 
1026 
1029 
1032 
1034 
1035 
1037 
1040 
1044 
1045 
1050 
1054 
1056 
1058 
1060 
1062 
1064 
1066 
1071 
1075 
1078 
1080 
1081 
1083 
1088 
1092 
1098 
1100 
1102 
1104 
1113 
1116 
1118 
1120 
1121 
1122 
1125 
1127 
1128 
1134 
1140 
1144 
1150 
1152 
1155 
1159 
1160 
1166 
1170 
1173 
1175 
1176 
1178 
1180 
1188 
1196 
1197 
1200 
1210 
1216 
1218 
1219 
1220 
1222 
1224 
1225 
1232 
1239 
1240 
1242 
1248 
1250 
1254 
1260 
1265 
1272 
1274 
1275 
1276 
1280 
1281 
1288 
1296 
1298 
1300 
1302 
1311 
1320 
1323 
1325 
1326 
1334 
1342 
1344 
1350 
1352 
1357 
1364 
1368 
1375 
1378 
1380 
1386 
1392 
1400 
1403 
1404 
1408 
1416 
1425 
1426 
1430 
1440 
1449 
1450 
1456 
1464 
1472 
1475 
1482 
1488 
1500 
1508 
1512 
1525 
1534 
1536 
1550 
1560 
1575 
1586 
1600 
1612 
1638 
1664 
