1 
2 
3 
4 
5 
6 
7 
8 
9 
10 
11 
12 
13 
14 
15 
16 
17 
18 
19 
20 
21 
22 
23 
24 
25 
26 
27 
28 
29 
30 
31 
32 
33 
34 
35 
36 
38 
39 
40 
42 
44 
45 
46 
48 
49 
50 
51 
52 
54 
55 
56 
57 
58 
60 
62 
63 
64 
65 
66 
68 
69 
70 
72 
75 
76 
77 
78 
80 
81 
84 
85 
87 
88 
90 
91 
92 
93 
95 
96 
98 
99 
100 
102 
104 
105 
108 
110 
112 
114 
115 
116 
117 
119 
120 
121 
124 
125 
126 
128 
130 
132 
133 
135 
136 
138 
140 
143 
144 
145 
147 
150 
152 
153 
154 
155 
156 
160 
161 
162 
165 
168 
169 
170 
171 
174 
175 
176 
180 
182 
184 
186 
187 
189 
190 
192 
195 
196 
198 
200 
203 
204 
207 
208 
209 
210 
216 
217 
220 
221 
224 
225 
228 
230 
231 
232 
234 
238 
240 
242 
243 
247 
248 
250 
252 
253 
255 
256 
260 
261 
264 
266 
270 
272 
273 
275 
276 
279 
280 
285 
286 
288 
289 
290 
294 
297 
299 
300 
304 
306 
308 
310 
312 
315 
319 
320 
322 
323 
324 
325 
330 
336 
338 
340 
341 
342 
345 
348 
350 
351 
352 
357 
360 
361 
364 
368 
372 
374 
375 
377 
378 
380 
384 
390 
391 
392 
396 
399 
400 
403 
405 
406 
408 
414 
416 
418 
420 
425 
432 
434 
435 
437 
440 
441 
442 
448 
450 
456 
459 
460 
462 
464 
465 
468 
475 
476 
480 
483 
484 
486 
493 
494 
496 
500 
504 
506 
510 
512 
513 
520 
522 
525 
527 
528 
529 
532 
540 
544 
546 
550 
551 
552 
558 
560 
567 
570 
572 
575 
576 
580 
588 
589 
594 
598 
600 
608 
609 
616 
620 
621 
624 
625 
630 
638 
640 
644 
648 
650 
651 
660 
667 
672 
675 
676 
682 
690 
696 
700 
702 
704 
713 
720 
725 
728 
736 
744 
750 
754 
768 
775 
780 
800 
806 
832 
