   1   0   0  55   0
   0   0   0   1
   0   0   0   0
   0   0   0   0
   1   6   0  55
   0   0   0   0
   1
   2   3   4   5   6   7   8   9  10  11  12  13  14  15  16  17  18  19  20  21
  22  23  24  25  26  27  28  29  30  31  32  33  34  35  36  37  38  39  40  41
  42  43  44  45  46  47  48  49  50  51  52  53  54  55  56
   47.998199999999997        34.013599999999997        98.078400000000002        64.064800000000005        62.132400000000004        12.010999999999999        115.10734000000002        12.010999999999999        12.010999999999999        12.010999999999999        135.06403900000001        58.442468000000005        250092.67200000002        1.0074000000000001        115.10734000000002        12.010999999999999        58.442468000000005        250092.67200000002        1.0074000000000001        135.06403900000001        58.442468000000005        115.10734000000002        12.010999999999999        12.010999999999999        12.010999999999999        250092.67200000002        1.0074000000000001        12.010999999999999        12.010999999999999        250092.67200000002        1.0074000000000001        115.10734000000002        12.010999999999999        12.010999999999999        12.010999999999999        135.06403900000001        58.442468000000005        250092.67200000002        1.0074000000000001        115.10734000000002        12.010999999999999        58.442468000000005        250092.67200000002        1.0074000000000001        135.06403900000001        58.442468000000005        115.10734000000002        12.010999999999999        12.010999999999999        12.010999999999999        250092.67200000002        1.0074000000000001        12.010999999999999        12.010999999999999        250092.67200000002        1.0074000000000001     
O3              H2O2            H2SO4           SO2             DMS             SOAG            so4_a1          pom_a1          soa_a1          bc_a1           
dst_a1          ncl_a1          mom_a1          num_a1          so4_a2          soa_a2          ncl_a2          mom_a2          num_a2          dst_a3          
ncl_a3          so4_a3          bc_a3           pom_a3          soa_a3          mom_a3          num_a3          pom_a4          bc_a4           mom_a4          
num_a4          so4_c1          pom_c1          soa_c1          bc_c1           dst_c1          ncl_c1          mom_c1          num_c1          so4_c2          
soa_c2          ncl_c2          mom_c2          num_c2          dst_c3          ncl_c3          so4_c3          bc_c3           pom_c3          soa_c3          
mom_c3          num_c3          pom_c4          bc_c4           mom_c4          num_c4          
   1   2   3   4   5   6   7   8   9  10  11  12  13  14  15  16  17  18  19  20
  21  22  23  24  25  26  27  28  29  30  31  32  33  34  35  36  37  38  39  40
  41  42  43  44  45  46  47  48  49  50  51  52  53  54  55
   1   2   4   6   7   8   9  10  11  12  13  14  15  16  17  18  19  20  21  22
  23  24  25  26  27  28  29  30  31  32  33  34  35  36  37  38  39  40  41  42
  43  44  45  46  47  48  49  50  51  52  53  54  55  56  57
