 129
   0.002255239486694
   0.002905282020569
   0.003555324316025
   0.004205366611481
   0.004989062309265
   0.005956141471863
   0.007106605052948
   0.008306799888611
   0.009623820304871
   0.011196125984192
   0.013023716926575
   0.014989767074585
   0.017009893417358
   0.019320058822632
   0.021920263290405
   0.024756431579590
   0.027592599868774
   0.030649093627930
   0.033946311950684
   0.037484256744385
   0.041042602539063
   0.044714427947998
   0.048562446594238
   0.052586654663086
   0.056673576354980
   0.060758224487305
   0.064836784362793
   0.068909248352051
   0.072977890014648
   0.077021629333496
   0.080820442199707
   0.084374336242676
   0.087708213806152
   0.091042098999023
   0.094538825988770
   0.098231643676758
   0.102120544433594
   0.106042678833008
   0.110093841552734
   0.114375694274902
   0.118888221740723
   0.123502410888672
   0.128194793701172
   0.133158569335937
   0.138393737792969
   0.143822097778320
   0.149255859375000
   0.154951710769551
   0.160201147914267
   0.165721924587489
   0.171242688069679
   0.177005612517563
   0.177533255279309
   0.176708263861161
   0.175872653615568
   0.175013718267785
   0.173595720064807
   0.171647125503456
   0.169645963610565
   0.167620863820707
   0.165478061090925
   0.163217559010589
   0.160863298738976
   0.158509038467363
   0.156025695287062
   0.153403883330077
   0.150643605658733
   0.147873944928210
   0.144996600120138
   0.141956354827247
   0.138753203701417
   0.135494838936220
   0.132161761984505
   0.128637038054949
   0.124920674429629
   0.121087367975982
   0.117227321862327
   0.113141804926023
   0.108830834392519
   0.104321140264980
   0.099811459956403
   0.095301268346204
   0.090790470721501
   0.086279079244864
   0.081767591035540
   0.077327339541632
   0.073010686931546
   0.068817660406825
   0.064677007675150
   0.060602091654166
   0.056742680613301
   0.053098744083370
   0.049604549851198
   0.046120512557828
   0.042935545291044
   0.040049675620821
   0.037452760497504
   0.034855831555223
   0.032536912544887
   0.030582485641402
   0.028992563115733
   0.027489119418837
   0.026000904176609
   0.024543669853280
   0.023117430151254
   0.021706930229872
   0.020304099824082
   0.018936064994545
   0.017602824083236
   0.016296696001331
   0.014990567919425
   0.013720866656228
   0.012489556802475
   0.011296608555169
   0.010105622598352
   0.008942924026273
   0.007821943549566
   0.006742695611565
   0.005676893533866
   0.004629291043029
   0.003666928176010
   0.002818917586310
   0.001994414941649
   0.001175611934027
   0.000448262676924
   0.000335652956369
   0.000218868895423
   0.000092350954975
                   0
 129
                   0
                   0
                   0
                   0
                   0
                   0
                   0
                   0
                   0
                   0
                   0
                   0
                   0
                   0
                   0
                   0
                   0
                   0
                   0
                   0
                   0
                   0
                   0
                   0
                   0
                   0
                   0
                   0
                   0
                   0
                   0
                   0
                   0
                   0
                   0
                   0
                   0
                   0
                   0
                   0
                   0
                   0
                   0
                   0
                   0
                   0
                   0
   0.000057200363262
   0.000880074619913
   0.001745482639074
   0.002610888590477
   0.003514254425796
   0.010028512298816
   0.018271029962081
   0.026619640695956
   0.035201293328895
   0.044783903348279
   0.055338988998497
   0.066178819714630
   0.077148316477145
   0.088755383122942
   0.101000000803864
   0.113752484952431
   0.126504969100997
   0.139956665552782
   0.154158433564454
   0.169110239556111
   0.184112871478040
   0.199698803932596
   0.216167119293847
   0.233517853427490
   0.251167667167296
   0.269222179665886
   0.288314805206770
   0.308445505990293
   0.329209659611909
   0.350118655920876
   0.372248972661868
   0.395600501056700
   0.420028469110020
   0.444456362309222
   0.468887025110827
   0.493320979473812
   0.517758152200448
   0.542195848905867
   0.566247672665399
   0.589629999103610
   0.612342678948643
   0.634771661758444
   0.656844563619272
   0.677750117238262
   0.697488475154911
   0.716415713820677
   0.735287934707798
   0.752540162716768
   0.768172248207304
   0.782239134033746
   0.796306094714308
   0.808867140189487
   0.819453830276567
   0.828066091669423
   0.836209916225694
   0.844271251585110
   0.852164765205314
   0.859890382348746
   0.867530740668565
   0.875129554961074
   0.882539887153892
   0.889761738905045
   0.896836726850232
   0.903911714795419
   0.910789387250022
   0.917459112631119
   0.923921042812019
   0.930372343710242
   0.936670418258884
   0.942742509575434
   0.948588542181404
   0.954361741720040
   0.960036358371034
   0.965428103562272
   0.970507864640253
   0.975446808202882
   0.980351609745661
   0.984955362811357
   0.988734781613944
   0.992654300049890
   0.996900507931744
   1.000000000000000
