 128
   0.002580260753632
   0.003230303168297
   0.003880345463753
   0.004597214460373
   0.005472601890564
   0.006531373262405
   0.007706702470779
   0.008965310096741
   0.010409973144531
   0.012109921455383
   0.014006742000580
   0.015999830245972
   0.018164976119995
   0.020620161056519
   0.023338347434998
   0.026174515724182
   0.029120846748352
   0.032297702789307
   0.035715284347534
   0.039263429641724
   0.042878515243530
   0.046638437271118
   0.050574550628662
   0.054630115509033
   0.058715900421143
   0.062797504425049
   0.066873016357422
   0.070943569183350
   0.074999759674072
   0.078921035766602
   0.082597389221191
   0.086041275024414
   0.089375156402588
   0.092790462493896
   0.096385234832764
   0.100176094055176
   0.104081611633301
   0.108068260192871
   0.112234767913818
   0.116631958007812
   0.121195316314697
   0.125848602294922
   0.130676681518555
   0.135776153564453
   0.141107917785645
   0.146538978576660
   0.152103785072275
   0.157576429341909
   0.162961536250878
   0.168482306328584
   0.174124150293621
   0.177269433898436
   0.177120759570235
   0.176290458738364
   0.175443185941676
   0.174304719166296
   0.172621422784131
   0.170646544557010
   0.168633413715636
   0.166549462455816
   0.164347810050757
   0.162040428874782
   0.159686168603169
   0.157267366877212
   0.154714789308570
   0.152023744494405
   0.149258775293472
   0.146435272524174
   0.143476477473693
   0.140354779264332
   0.137124021318818
   0.133828300460362
   0.130399400019727
   0.126778856242289
   0.123004021202805
   0.119157344919154
   0.115184563394175
   0.110986319659271
   0.106575987328749
   0.102066300110691
   0.097556364151304
   0.093045869533853
   0.088534774983183
   0.084023335140202
   0.079547465288586
   0.075169013236589
   0.070914173669186
   0.066747334040988
   0.062639549664658
   0.058672386133733
   0.054920712348335
   0.051351646967284
   0.047862531204513
   0.044528028924436
   0.041492610455932
   0.038751218059163
   0.036154296026364
   0.033696372050055
   0.031559699093145
   0.029787524378567
   0.028240841267285
   0.026745011797723
   0.025272287014944
   0.023830550002267
   0.022412180190563
   0.021005515026977
   0.019620082409314
   0.018269444538891
   0.016949760042283
   0.015643631960378
   0.014355717287826
   0.013105211729351
   0.011893082678822
   0.010701115576760
   0.009524273312312
   0.008382433787919
   0.007282319580566
   0.006209794572716
   0.005153092288448
   0.004148109609519
   0.003242922881160
   0.002406666263979
   0.001585013437838
   0.000811937305475
   0.000391957816646
   0.000277260925896
   0.000155609925199
   0.000046175477487
 128
                   0
                   0
                   0
                   0
                   0
                   0
                   0
                   0
                   0
                   0
                   0
                   0
                   0
                   0
                   0
                   0
                   0
                   0
                   0
                   0
                   0
                   0
                   0
                   0
                   0
                   0
                   0
                   0
                   0
                   0
                   0
                   0
                   0
                   0
                   0
                   0
                   0
                   0
                   0
                   0
                   0
                   0
                   0
                   0
                   0
                   0
   0.000028600181631
   0.000468637491587
   0.001312778629493
   0.002178185614775
   0.003062571508137
   0.006771383362306
   0.014149771130449
   0.022445335329019
   0.030910467012425
   0.039992598338587
   0.050061446173388
   0.060758904356564
   0.071663568095888
   0.082951849800044
   0.094877691963403
   0.107376242878148
   0.120128727026714
   0.133230817326889
   0.147057549558618
   0.161634336560282
   0.176611555517075
   0.191905837705318
   0.207932961613221
   0.224842486360668
   0.242342760297393
   0.260194923416591
   0.278768492436328
   0.298380155598531
   0.318827582801101
   0.339664157766393
   0.361183814291372
   0.383924736859284
   0.407814485083360
   0.432242415709621
   0.456671693710024
   0.481104002292319
   0.505539565837130
   0.529977000553157
   0.554221760785633
   0.577938835884504
   0.600986339026127
   0.623557170353543
   0.645808112688858
   0.667297340428767
   0.687619296196587
   0.706952094487794
   0.725851824264237
   0.743914048712283
   0.760356205462036
   0.775205691120525
   0.789272614374027
   0.802586617451898
   0.814160485233027
   0.823759960972995
   0.832138003947559
   0.840240583905402
   0.848218008395212
   0.856027573777030
   0.863710561508656
   0.871330147814820
   0.878834721057483
   0.886150813029469
   0.893299232877639
   0.900374220822826
   0.907350551022721
   0.914124249940571
   0.920690077721569
   0.927146693261130
   0.933521380984563
   0.939706463917159
   0.945665525878419
   0.951475141950722
   0.957199050045537
   0.962732230966653
   0.967967984101262
   0.972977336421568
   0.977899208974272
   0.982653486278509
   0.986845072212650
   0.990694540831917
   0.994777403990817
   0.998450253965872
