    73   ! hyai
0.000100000003197544
0.000147650822913689
0.000218007648100008
0.000321890076141867
0.000475273331103897
0.000701744962025609
0.00103613217805539
0.00152985763845446
0.00225884732035832
0.0033352065502282
0.00492445975982147
0.00701243897441468
0.00974236978346886
0.0132052046776003
0.0174626717668335
0.0225300041895007
0.0283593888304225
0.034827113752148
0.041905452436706
0.0494369434421476
0.0571821794266375
0.0648481839141014
0.0721045965453237
0.0786060752491983
0.0852864750002711
0.0925346112988507
0.100398735591023
0.108931198982486
0.118188803860441
0.128233178994491
0.139131180869721
0.15095535019568
0.163784405484479
0.177703753558685
0.179385822249023
0.175675927102577
0.17165073759334
0.1672834617223
0.162545029418381
0.15740389711747
0.15182585143654
0.145773756845278
0.139207310820371
0.13208280432797
0.124352822700141
0.115965905997
0.107112738553965
0.0982285216614102
0.0894593912425344
0.0810128312221591
0.0728516968335758
0.0650835216407907
0.0578151181011672
0.0511501816401456
0.0451868752058862
0.0400153815809578
0.0357156609860045
0.0322149484438234
0.029119859625476
0.026095026982349
0.0231452699030555
0.0202753565973884
0.0174899618767363
0.0147936633105226
0.0121909509564104
0.00968620349992126
0.00728367415589031
0.0049874666538631
0.00280151930245531
0.000729616903308118
0
0
0
     73   ! hybi
0
0
0
0
0
0
0
0
0
0
0
0
0
0
0
0
0
0
0
0
0
0
0
0
0
0
0
0
0
0
0
0
0
0
0.0134202286505943
0.0335159017400141
0.0553194276300706
0.07897594622927
0.104642934440567
0.132491255643252
0.162706276046504
0.195489127850018
0.231058063361093
0.269649869330388
0.311521429400028
0.356951469881188
0.404907033612902
0.453030768886649
0.500531124416072
0.546284201962403
0.590491205905005
0.632569664497108
0.671940972401801
0.708043386503276
0.740345232537401
0.768358010113227
0.791648594274282
0.810611138069112
0.827376552082779
0.843761412608077
0.859739587174728
0.87528525851737
0.890373089588945
0.90497829406461
0.919076587963127
0.932644247225949
0.945658192826992
0.958096199105933
0.9699369757393
0.981160015793907
0.99052103362492 
0.996992878983524
1
