     1
  1765 2100
  1765    .00000
  1766   -.10951
  1767   -.02462
  1768    .06144
  1769    .09679
  1770    .10210
  1771    .09380
  1772    .09100
  1773    .06143
  1774    .05863
  1775    .03710
  1776   -.19423
  1777    .03117
  1778    .10220
  1779    .11332
  1780    .08396
  1781    .10290
  1782    .05810
  1783   -.38124
  1784   -.35574
  1785   -.03999
  1786    .04594
  1787    .07236
  1788   -.45752
  1789   -.23417
  1790   -.02389
  1791    .01031
  1792    .00980
  1793    .00108
  1794   -.02380
  1795   -.05145
  1796   -.06405
  1797   -.07840
  1798   -.08470
  1799   -.08365
  1800   -.07525
  1801   -.03220
  1802   -.05863
  1803   -.08855
  1804   -.09625
  1805   -.10273
  1806   -.12513
  1807   -.14123
  1808   -.15260
  1809  -4.04484
  1810  -2.34143
  1811   -.64025
  1812   -.57406
  1813   -.52257
  1814   -.21043
  1815  -4.00562
  1816  -3.93826
  1817   -.99950
  1818   -.18749
  1819   -.12386
  1820   -.11861
  1821   -.10853
  1822   -.20663
  1823  -1.21545
  1824   -.48434
  1825   -.10391
  1826   -.03633
  1827   -.01085
  1828    .00533
  1829    .00996
  1830   -.68043
  1831  -1.41695
  1832   -.47862
  1833   -.07546
  1834   -.01888
  1835  -1.51822
  1836   -.76635
  1837   -.07177
  1838    .07343
  1839    .07408
  1840    .05721
  1841    .03178
  1842    .02222
  1843    .01190
  1844    .01977
  1845    .04270
  1846    .01489
  1847   -.13723
  1848    .09581
  1849    .11257
  1850    .08028
  1851    .07332
  1852    .04918
  1853    .02229
  1854   -.18898
  1855   -.04305
  1856   -.03484
  1857   -.08538
  1858    .04719
  1859    .09792
  1860    .10946
  1861    .08835
  1862    .05810
  1863    .03570
  1864    .01663
  1865   -.00245
  1866   -.01418
  1867   -.02293
  1868    .00508
  1869    .04707
  1870    .08907
  1871    .08102
  1872    .07350
  1873    .03762
  1874    .00997
  1875   -.02152
  1876   -.03290
  1877   -.03063
  1878   -.02992
  1879   -.02118
  1880    .00612
  1881    .03185
  1882    .03797
  1883   -.64902
  1884  -1.97802
  1885   -.67101
  1886   -.16579
  1887   -.06751
  1888   -.06856
  1889   -.07010
  1890  -1.33480
  1891  -1.03655
  1892   -.40797
  1893   -.15024
  1894   -.00637
  1895    .01911
  1896    .00078
  1897   -.02386
  1898   -.03194
  1899   -.04410
  1900   -.04900
  1901   -.05600
  1902   -.49142
  1903  -2.62228
  1904  -1.08406
  1905   -.32271
  1906   -.08178
  1907   -.22904
  1908   -.11220
  1909   -.04252
  1910   -.03292
  1911   -.03286
  1912   -.68003
  1913   -.43285
  1914   -.09607
  1915    .02413
  1916    .08130
  1917    .11511
  1918    .11028
  1919    .06977
  1920    .04305
  1921    .02338
  1922   -.15623
  1923   -.08891
  1924   -.00333
  1925    .06275
  1926    .09370
  1927    .13163
  1928   -.03201
  1929   -.46546
  1930   -.13954
  1931    .00491
  1932   -.17897
  1933   -.08988
  1934    .03151
  1935    .10612
  1936    .19278
  1937    .18340
  1938    .17185
  1939    .17010
  1940    .16485
  1941    .16170
  1942    .15557
  1943    .13807
  1944    .14927
  1945    .19810
  1946    .21595
  1947    .25883
  1948    .28262
  1949    .26687
  1950    .22470
  1951    .18375
  1952    .18130
  1953    .05361
  1954    .04628
  1955    .13968
  1956    .26105
  1957    .33503
  1958    .33404
  1959    .29293
  1960    .27335
  1961    .20545
  1962    .16870
  1963  -1.46426
  1964  -1.60650
  1965   -.61623
  1966   -.08288
  1967    .14219
  1968   -.14327
  1969   -.46573
  1970   -.05147
  1971    .09587
  1972    .17208
  1973    .15879
  1974    .10738
  1975   -.43377
  1976   -.15322
  1977    .07236
  1978    .22368
  1979    .32057
  1980    .33615
  1981    .34732
  1982  -1.34050
  1983  -1.46921
  1984   -.54259
  1985   -.12425
  1986    .05321
  1987    .14800
  1988    .22437
  1989    .33246
  1990    .31882
  1991  -1.22244
  1992  -2.69669
  1993  -1.09746
  1994   -.32624
  1995   -.02896
  1996    .08264
  1997    .15175
  1998    .23228
  1999    .28813
  2000    .33878
  2001    .27907
  2002    .19687
  2003    .16185
  2004    .16185
  2005    .16185
  2006    .16185
  2007    .16185
  2008    .16185
  2009    .16185
  2010    .16185
  2011    .16185
  2012    .16185
  2013    .16185
  2014    .16185
  2015    .16185
  2016    .16185
  2017    .16185
  2018    .16185
  2019    .16185
  2020    .16185
  2021    .16185
  2022    .16185
  2023    .16185
  2024    .16185
  2025    .16185
  2026    .16185
  2027    .16185
  2028    .16185
  2029    .16185
  2030    .16185
  2031    .16185
  2032    .16185
  2033    .16185
  2034    .16185
  2035    .16185
  2036    .16185
  2037    .16185
  2038    .16185
  2039    .16185
  2040    .16185
  2041    .16185
  2042    .16185
  2043    .16185
  2044    .16185
  2045    .16185
  2046    .16185
  2047    .16185
  2048    .16185
  2049    .16185
  2050    .16185
  2051    .16185
  2052    .16185
  2053    .16185
  2054    .16185
  2055    .16185
  2056    .16185
  2057    .16185
  2058    .16185
  2059    .16185
  2060    .16185
  2061    .16185
  2062    .16185
  2063    .16185
  2064    .16185
  2065    .16185
  2066    .16185
  2067    .16185
  2068    .16185
  2069    .16185
  2070    .16185
  2071    .16185
  2072    .16185
  2073    .16185
  2074    .16185
  2075    .16185
  2076    .16185
  2077    .16185
  2078    .16185
  2079    .16185
  2080    .16185
  2081    .16185
  2082    .16185
  2083    .16185
  2084    .16185
  2085    .16185
  2086    .16185
  2087    .16185
  2088    .16185
  2089    .16185
  2090    .16185
  2091    .16185
  2092    .16185
  2093    .16185
  2094    .16185
  2095    .16185
  2096    .16185
  2097    .16185
  2098    .16185
  2099    .16185
  2100    .16185
